
"This is the DICE-2013 Rocky Road model, version is DICE2013_032813.gms"
"Copenhagen Scenario"

"Period",1.0000000000,2.0000000000,3.0000000000,4.0000000000,5.0000000000,6.0000000000,7.0000000000,8.0000000000,9.0000000000,10.0000000000,11.0000000000,12.0000000000,13.0000000000,14.0000000000,15.0000000000,16.0000000000,17.0000000000,18.0000000000,19.0000000000,20.0000000000,21.0000000000,22.0000000000,23.0000000000,24.0000000000,25.0000000000,26.0000000000,27.0000000000,28.0000000000,29.0000000000,30.0000000000,31.0000000000,32.0000000000,33.0000000000,34.0000000000,35.0000000000,36.0000000000,37.0000000000,38.0000000000,39.0000000000,40.0000000000,41.0000000000,42.0000000000,43.0000000000,44.0000000000,45.0000000000,46.0000000000,47.0000000000,48.0000000000,49.0000000000,50.0000000000,51.0000000000,52.0000000000,53.0000000000,54.0000000000,55.0000000000,56.0000000000,57.0000000000,58.0000000000,59.0000000000,60.0000000000
"Year",2015.0000000000,2020.0000000000,2025.0000000000,2030.0000000000,2035.0000000000,2040.0000000000,2045.0000000000,2050.0000000000,2055.0000000000,2060.0000000000,2065.0000000000,2070.0000000000,2075.0000000000,2080.0000000000,2085.0000000000,2090.0000000000,2095.0000000000,2100.0000000000,2105.0000000000,2110.0000000000,2115.0000000000,2120.0000000000,2125.0000000000,2130.0000000000,2135.0000000000,2140.0000000000,2145.0000000000,2150.0000000000,2155.0000000000,2160.0000000000,2165.0000000000,2170.0000000000,2175.0000000000,2180.0000000000,2185.0000000000,2190.0000000000,2195.0000000000,2200.0000000000,2205.0000000000,2210.0000000000,2215.0000000000,2220.0000000000,2225.0000000000,2230.0000000000,2235.0000000000,2240.0000000000,2245.0000000000,2250.0000000000,2255.0000000000,2260.0000000000,2265.0000000000,2270.0000000000,2275.0000000000,2280.0000000000,2285.0000000000,2290.0000000000,2295.0000000000,2300.0000000000,2305.0000000000,2310.0000000000
"Industrial Emissions GTCO2 per year",34.9146723307,37.4930652289,39.7365603213,41.6817354639,43.6670080597,45.6760591814,45.7237256963,44.9741981767,43.7799884708,42.3159475334,40.1311208437,37.5031874762,35.1111482158,32.8987011249,30.9209400758,29.1381263850,27.5729096934,26.1957086804,24.8682063110,22.1074113846,20.5354831314,19.0291316396,17.6232462641,16.2864769947,15.0315588316,13.8470033262,14.2921902994,14.4715199596,14.6299628584,14.7675898175,14.8846436827,14.9814907612,15.0585888799,15.1164656537,15.1557030240,15.1769257517,15.1807922155,15.1679866312,15.1392118241,15.0951819893,15.0366145284,14.9642197843,14.8786866511,14.7806607102,14.6707089698,14.5492609294,14.4165081331,14.2722302634,14.1154906828,13.9440959017,13.7536149382,13.6723218078,13.5557216256,13.4135859194,13.2527683833,13.0781367989,12.8931955898,12.7005064349,12.5019747209,12.2990457451
"Atmospheric concentration C (ppm)",389.8591549296,407.4992519169,425.0692760967,442.4946106415,459.7114797738,476.8624898520,494.0539102513,510.1009258400,524.6600191541,537.6326507344,549.0301120580,558.5639578656,566.1399527573,572.0978006189,576.7025441334,580.2242546569,582.8782742489,584.8713015305,586.3697532951,587.4346276707,587.1705035358,586.4386617229,585.3012905063,583.8365307726,582.0949435980,580.1304861040,577.9849097725,576.6949008908,575.9923817030,575.7934812711,576.0244633409,576.6205592723,577.5249208690,578.6876876169,580.0651597850,581.6190676104,583.3159266649,585.1264697699,587.0251465162,588.9896820387,591.0006873945,593.0413142680,595.0969468611,597.1549233791,599.2042782355,601.2354932369,603.2402405876,605.2110907133,607.1411398407,609.0234796036,610.8503699922,612.6118580440,614.3809227052,616.1314868640,617.8461650736,619.5135366992,621.1262888897,622.6799441853,624.1719848224,625.6012480000
"Atmospheric Temperature ",0.8000000000,0.9266056459,1.0611619212,1.2015079474,1.3457970827,1.4926854845,1.6411904970,1.7892606551,1.9349267892,2.0765454263,2.2128420036,2.3425461325,2.4645696491,2.5783692276,2.6837702248,2.7809009630,2.8700872052,2.9518090041,3.0266374598,3.0926729106,3.1499078788,3.1991219056,3.2410412399,3.2763606141,3.3057224140,3.3297273081,3.3489291597,3.3647696620,3.3782474001,3.3901473271,3.4010782390,3.4115045491,3.4217730979,3.4321356681,3.4427678034,3.4537844642,3.4652529886,3.4772037669,3.4896389872,3.5025397560,3.5158718590,3.5295903846,3.5436434002,3.5579748391,3.5725267289,3.5872408614,3.6020599802,3.6169285230,3.6317929164,3.6466013499,3.6613028497,3.6758452727,3.6902480585,3.7045052916,3.7185969937,3.7324963822,3.7461744441,3.7596027315,3.7727549836,3.7856079847
"Output Net Net) ",63.5819868191,76.0179804326,89.8666691756,105.1501148273,121.8353145428,139.9325034859,159.9365134486,181.0956521287,204.0071152210,228.2057554996,254.1689987122,281.4102611700,310.1459893152,340.4142248396,372.2538129277,405.6808839567,440.7078972662,477.3257484369,516.3290457965,556.2230572914,597.6849554308,640.6218275548,685.0160790904,730.8333564045,778.0361976866,826.5769593263,876.6329915274,927.9481922113,980.4658868301,1034.1161445520,1088.8319661887,1144.5477526671,1201.1984149289,1258.7188913852,1317.0439191614,1376.1079663796,1435.8452434588,1496.1897463767,1557.0752636203,1618.4352852675,1680.2026939078,1742.3090500501,1804.6831303000,1867.2481149081,1929.9163188175,1992.5794646192,2055.0908790463,2117.2329311709,2178.6573604040,2238.7750645207,2296.5491957419,2373.8443546890,2446.7894121534,2516.4965530463,2583.7449897908,2649.0806964108,2712.8850735230,2775.4229012404,2836.8761621691,2897.3680613501
"Climate Damages fraction output",0.0000000000,0.0000000000,0.0000000000,0.0000000000,0.0000000000,0.0000000000,0.0000000000,0.0000000000,0.0000000000,0.0000000000,0.0000000000,0.0000000000,0.0000000000,0.0000000000,0.0000000000,0.0000000000,0.0000000000,0.0000000000,0.0000000000,0.0000000000,0.0000000000,0.0000000000,0.0000000000,0.0000000000,0.0000000000,0.0000000000,0.0000000000,0.0000000000,0.0000000000,0.0000000000,0.0000000000,0.0000000000,0.0000000000,0.0000000000,0.0000000000,0.0000000000,0.0000000000,0.0000000000,0.0000000000,0.0000000000,0.0000000000,0.0000000000,0.0000000000,0.0000000000,0.0000000000,0.0000000000,0.0000000000,0.0000000000,0.0000000000,0.0000000000,0.0000000000,0.0000000000,0.0000000000,0.0000000000,0.0000000000,0.0000000000,0.0000000000,0.0000000000,0.0000000000,0.0000000000
"Consumption Per Capita ",6.8675244220,7.7795793062,8.7783085643,9.8653138597,11.0411368620,12.3089848792,13.6892666411,15.1589192710,16.7354463561,18.4077469914,20.1905457945,22.0714517734,24.0563219450,26.1495745108,28.3549318978,30.6749638041,33.1117725269,35.6669125824,38.3634395862,41.1582491861,44.0609161408,47.0711320492,50.1878454080,53.4091501060,56.7327920851,60.1562596773,63.6829420643,67.3042295048,71.0142697068,74.8077182431,78.6795135565,82.6247399970,86.6385486438,90.7161151703,94.8526198327,99.0432450872,103.2831826793,107.5676527021,111.8919319808,116.2514008311,120.6416176869,125.0584453235,129.4982685819,133.9583812989,138.4376801651,142.9379124661,147.4659428138,152.0378773237,156.6866230177,161.4759175760,162.2809318704,167.7355916601,172.8834160403,177.8029724582,182.5492882511,187.1609047787,191.6647332503,196.0794452826,200.4178640029,204.6886618570
"Carbon Price (per t CO2)",0.0000000000,10.1341648682,35.8136749558,54.6539959107,85.4235188680,117.0705409121,63.7222837178,90.8355154450,81.8949887056,100.6642153828,96.5918057096,112.6652591567,126.2941639864,137.8326190855,147.1956130715,154.7567295102,160.5732618081,164.9673177145,144.0215645363,149.4868052901,151.1957210263,152.2982047940,152.7887310796,152.8146063967,152.4063863335,151.6427993513,147.3380669624,143.6546152884,140.0632499062,136.5616686585,133.1476269420,129.8189362685,126.5734628618,123.4091262902,120.3238981330,117.3158006797,114.3829056627,111.5233330211,108.7352496956,106.0168684532,103.3664467419,100.7822855733,98.2627284340,95.8061602231,93.4110062175,91.0757310621,88.7988377856,86.5788668409,84.4143951699,82.3040352906,80.2464344084,78.2402735482,76.2842667095,74.3771600417,72.5177310407,70.7047877647,68.9371680706,67.2137388688,65.5333953971,63.8950605121
"Emissions Control Rate",0.0000000000,0.0558748010,0.1109371510,0.1631897570,0.2062474820,0.2419392190,0.3018091400,0.3644849790,0.4236701920,0.4782838810,0.5340736430,0.5881568470,0.6336220000,0.6724570000,0.7051731020,0.7330185730,0.7564571180,0.7762975810,0.7941108150,0.8221971280,0.8391258110,0.8544537540,0.8681064130,0.8804858250,0.8916317520,0.9017417940,0.9000000000,0.9000000000,0.9000000000,0.9000000000,0.9000000000,0.9000000000,0.9000000000,0.9000000000,0.9000000000,0.9000000000,0.9000000000,0.9000000000,0.9000000000,0.9000000000,0.9000000000,0.9000000000,0.9000000000,0.9000000000,0.9000000000,0.9000000000,0.9000000000,0.9000000000,0.9000000000,0.9000000000,0.9000000000,0.9000000000,0.9000000000,0.9000000000,0.9000000000,0.9000000000,0.9000000000,0.9000000000,0.9000000000,0.9000000000
"Social cost of carbon",0.0000000000,0.0000000000,0.0000000000,0.0000000000,0.0000000000,0.0000000000,0.0000000000,0.0000000000,0.0000000000,0.0000000000,0.0000000000,0.0000000000,0.0000000000,0.0000000000,0.0000000000,0.0000000000,0.0000000000,0.0000000000,0.0000000000,0.0000000000,0.0000000000,0.0000000000,0.0000000000,0.0000000000,0.0000000000,0.0000000000,0.0000000000,0.0000000000,0.0000000000,0.0000000000,0.0000000000,0.0000000000,0.0000000000,0.0000000000,0.0000000000,0.0000000000,0.0000000000,0.0000000000,0.0000000000,0.0000000000,0.0000000000,0.0000000000,0.0000000000,0.0000000000,0.0000000000,0.0000000000,0.0000000000,0.0000000000,0.0000000000,0.0000000000,0.0000000000,0.0000000000,0.0000000000,0.0000000000,0.0000000000,0.0000000000,0.0000000000,0.0000000000,0.0000000000,0.0000000000
"Interest Rate ",0.0523767706,0.0511819961,0.0499510709,0.0486918174,0.0475059326,0.0467713949,0.0454651944,0.0445447958,0.0434254128,0.0425785723,0.0415594563,0.0406664584,0.0398586482,0.0391149591,0.0384154063,0.0377519780,0.0371179183,0.0366809745,0.0359110243,0.0352591203,0.0346402442,0.0340481827,0.0334774519,0.0329264644,0.0323942472,0.0319087794,0.0314106732,0.0309176856,0.0304342116,0.0299626288,0.0295041219,0.0290591780,0.0286278819,0.0282100855,0.0278055208,0.0274138598,0.0270347665,0.0266679289,0.0263131056,0.0259701841,0.0256392809,0.0253209089,0.0250162765,0.0247278147,0.0244600981,0.0242215004,0.0240271266,0.0239040903,0.0239011623,0.0164648487,0.0247779791,0.0239369003,0.0232927330,0.0227841026,0.0223702182,0.0220235271,0.0217251924,0.0214622157,0.0212255596,0.0000000000
"Population",6838.0000000000,7242.4909902817,7612.0624490151,7947.3144083379,8249.5494073664,8520.5561633235,8762.4308785046,8977.4350979826,9167.8866567272,9336.0791290480,9484.2248989409,9614.4171827133,9728.6068217838,9828.5902665064,9916.0057923350,9992.3355707251,10058.9117304096,10116.9249798906,10167.4347198162,10211.3798609328,10249.5897887346,10282.7950896782,10311.6377853629,10336.6809188678,10358.4174087482,10377.2781370437,10393.6392729400,10407.8288573315,10420.1326885111,10430.7995579180,10440.0458890952,10448.0598341152,10455.0048807149,10461.0230210058,10466.2375294065,10470.7553937935,10474.6694400288,10478.0601862010,10480.9974592226,10483.5418029352,10485.7457036401,10487.6546559950,10489.3080895277,10490.7401735831,10491.9805163496,10493.0547716735,10493.9851656540,10494.7909534956,10495.4888157582,10496.0932019719,10496.6166285535,10497.0699370635,10497.4625180506,10497.8025050483,10498.0969426852,10498.3519323512,10498.5727584062,10498.7639975228,10498.9296134125,10499.0730388838
"TFP",3.8000000000,4.1259500543,4.4685308531,4.8277095371,5.2033977904,5.5954527831,6.0036784860,6.4278273286,6.8676021685,7.3226585392,7.7926071428,8.2770165520,8.7754160889,9.2872988433,9.8121248007,10.3493240464,10.8983000151,11.4584327581,12.0290822018,12.6095913712,13.1992895587,13.7974954153,14.4035199491,15.0166694135,15.6362480732,16.2615608355,16.8919157401,17.5266262975,18.1650136730,18.8064087124,19.4501538060,20.0956045925,20.7421315033,21.3891211469,22.0359775407,22.6821231902,23.3270000229,23.9700701809,24.6108166798,25.2487439383,25.8833781868,26.5142677614,27.1409832908,27.7631177825,28.3802866164,28.9921274535,29.5983000643,30.1984860876,30.7923887231,31.3797323660,31.9602621905,32.5337436862,33.0999621553,33.6587221748,34.2098470294,34.7531781198,35.2885743507,35.8159115034,36.3350815967,36.8459922389
"Output gross gross",63.5819868191,76.0260113892,89.9300890931,105.3087778010,122.1814741597,140.5420129682,160.3863276264,181.9324390774,204.9484232573,229.6004292956,255.7558908559,283.5653316433,312.8848575783,343.7390508662,376.1417404447,410.1025614532,445.6193126857,482.6815883360,521.2626184827,561.6808860553,603.4689397018,646.6981844895,691.3455657331,737.3817825933,784.7680197643,833.4592486592,883.4015819640,934.6303728156,987.0523444357,1040.5983518262,1095.2022143523,1150.7991565061,1207.3249005228,1264.7151729460,1322.9054689475,1381.8309802252,1441.4266034998,1501.6269820264,1562.3665114064,1623.5792478779,1685.1985984554,1747.1566052091,1809.3824814117,1871.7997953130,1934.3211942393,1996.8386650406,2059.2057085122,2121.2047389250,2182.4873445027,2242.4639567531,2300.0967339673,2377.2827603264,2450.1132673517,2519.7033315606,2586.8341134474,2652.0529042610,2715.7419962094,2778.1667714929,2839.5096163383,2899.8940022248
"Change tfp",0.0790000000,0.0766651972,0.0743993982,0.0722005636,0.0700667145,0.0679959301,0.0659863467,0.0640361554,0.0621436010,0.0603069801,0.0585246394,0.0567949749,0.0551164298,0.0534874931,0.0519066988,0.0503726240,0.0488838880,0.0474391507,0.0460371119,0.0446765097,0.0433561193,0.0420747523,0.0408312554,0.0396245095,0.0384534282,0.0373169577,0.0362140749,0.0351437872,0.0341051314,0.0330971724,0.0321190031,0.0311697431,0.0302485380,0.0293545586,0.0284870003,0.0276450822,0.0268280465,0.0260351579,0.0252657027,0.0245189884,0.0237943427,0.0230911136,0.0224086681,0.0217463919,0.0211036889,0.0204799806,0.0198747057,0.0192873194,0.0187172929,0.0181641133,0.0176272827,0.0171063177,0.0166007496,0.0161101233,0.0156339972,0.0151719428,0.0147235441,0.0142883976,0.0138661116,0.0134563061
"Capital",135.0000000000,162.8254241081,194.5190216761,230.0897180471,269.6024968475,312.9521307935,360.0606362574,412.5385087453,468.6370551172,529.6176940678,594.4818171744,664.4221760458,738.3652306947,816.5547427443,899.1712666903,986.3823612067,1078.2806805005,1174.9114599300,1276.2048158544,1384.9425725964,1497.4974418962,1614.6504608231,1736.4300608813,1862.8305667268,1993.7828894017,2129.1801408883,2268.8531862492,2413.4124373041,2562.3823608598,2715.5000288007,2872.5347628697,3033.2742227611,3197.5157227985,3365.0608891554,3535.7124155000,3709.2721727581,3885.5399936101,4064.3127417221,4245.3830672383,4428.5372914832,4613.5513102745,4800.1827610389,4988.1562369728,5177.1358467907,5366.6746593074,5556.1220985593,5744.4551387982,5929.9706285030,6109.7243146520,6278.5044152720,6426.9379910216,6760.7849531903,7057.7364975018,7327.2839857999,7576.4682376229,7810.4530541983,8032.9926743053,8246.7964756213,8453.8062531537,8655.4036280868
"s",0.2614239607,0.2588130767,0.2564425320,0.2543731302,0.2523973497,0.2505001028,0.2500070801,0.2485285411,0.2479248816,0.2469244164,0.2465970354,0.2459260572,0.2454053709,0.2449979033,0.2446882767,0.2444442317,0.2442422767,0.2440393588,0.2445558297,0.2443993262,0.2444074222,0.2444484645,0.2445157145,0.2445975024,0.2446856034,0.2447669496,0.2449548054,0.2451185228,0.2452790831,0.2454384176,0.2455973396,0.2457560418,0.2459143821,0.2460720375,0.2462285919,0.2463835556,0.2465363505,0.2466862296,0.2468321332,0.2469724113,0.2471043351,0.2472232258,0.2473209211,0.2473830547,0.2473842369,0.2472795333,0.2469893025,0.2463721322,0.2451760753,0.2429492772,0.2582781457,0.2582781457,0.2582781457,0.2582781457,0.2582781457,0.2582781457,0.2582781457,0.2582781457,0.2582781457,0.2582781457
"I",16.6218548216,19.6744473989,23.0456361875,26.7473638476,30.7509104860,35.0531065090,39.9852607283,45.0074382176,50.5784398783,56.3495730009,62.6773215645,69.2061159923,76.1114915343,83.4007713294,91.0861439878,99.1663520063,107.6395001802,116.4862695761,126.2712781765,135.9405404407,146.0786392716,156.5990220540,167.4971960154,178.7600136111,190.3742565051,202.3187209712,214.7354638712,227.4572901512,240.4877737073,253.8118301726,267.4142341268,281.2795254000,295.3919660000,309.7355222125,324.2938697059,339.0503736636,353.9880461790,369.0894072758,384.3362088219,399.7088650053,415.1853695670,430.7392636814,446.3358940841,461.9255426272,477.4308757970,492.7241201640,507.5854627188,521.6271916455,534.1546609426,543.9087837695,593.1484677744,613.1121180985,631.9522322780,649.9560633696,667.3248649129,684.1996500664,700.6789262742,716.8310804528,732.7031147324,748.3268502825
"Y gross net",63.5819868191,76.0260113892,89.9300890931,105.3087778010,122.1814741597,140.5420129682,160.3863276264,181.9324390774,204.9484232573,229.6004292956,255.7558908559,283.5653316433,312.8848575783,343.7390508662,376.1417404447,410.1025614532,445.6193126857,482.6815883360,521.2626184827,561.6808860553,603.4689397018,646.6981844895,691.3455657331,737.3817825933,784.7680197643,833.4592486592,883.4015819640,934.6303728156,987.0523444357,1040.5983518262,1095.2022143523,1150.7991565061,1207.3249005228,1264.7151729460,1322.9054689475,1381.8309802252,1441.4266034998,1501.6269820264,1562.3665114064,1623.5792478779,1685.1985984554,1747.1566052091,1809.3824814117,1871.7997953130,1934.3211942393,1996.8386650406,2059.2057085122,2121.2047389250,2182.4873445027,2242.4639567531,2300.0967339673,2377.2827603264,2450.1132673517,2519.7033315606,2586.8341134474,2652.0529042610,2715.7419962094,2778.1667714929,2839.5096163383,2899.8940022248
"damages",0.0000000000,0.0000000000,0.0000000000,0.0000000000,0.0000000000,0.0000000000,0.0000000000,0.0000000000,0.0000000000,0.0000000000,0.0000000000,0.0000000000,0.0000000000,0.0000000000,0.0000000000,0.0000000000,0.0000000000,0.0000000000,0.0000000000,0.0000000000,0.0000000000,0.0000000000,0.0000000000,0.0000000000,0.0000000000,0.0000000000,0.0000000000,0.0000000000,0.0000000000,0.0000000000,0.0000000000,0.0000000000,0.0000000000,0.0000000000,0.0000000000,0.0000000000,0.0000000000,0.0000000000,0.0000000000,0.0000000000,0.0000000000,0.0000000000,0.0000000000,0.0000000000,0.0000000000,0.0000000000,0.0000000000,0.0000000000,0.0000000000,0.0000000000,0.0000000000,0.0000000000,0.0000000000,0.0000000000,0.0000000000,0.0000000000,0.0000000000,0.0000000000,0.0000000000,0.0000000000
"abatement",0.0000000000,0.0080309566,0.0634199175,0.1586629737,0.3461596169,0.6095094823,0.4498141778,0.8367869487,0.9413080363,1.3946737959,1.5868921438,2.1550704734,2.7388682631,3.3248260266,3.8879275170,4.4216774966,4.9114154195,5.3558398991,4.9335726861,5.4578287639,5.7839842710,6.0763569347,6.3294866427,6.5484261889,6.7318220777,6.8822893329,6.7685904366,6.6821806043,6.5864576055,6.4822072742,6.3702481636,6.2514038390,6.1264855940,5.9962815608,5.8615497861,5.7230138456,5.5813600410,5.4372356496,5.2912477861,5.1439626104,4.9959045477,4.8475551590,4.6993511117,4.5516804049,4.4048754219,4.2592004214,4.1148294658,3.9718077541,3.8299840988,3.6888922324,3.5475382254,3.4384056373,3.3238551983,3.2067785143,3.0891236566,2.9722078502,2.8569226865,2.7438702525,2.6334541692,2.5259408747
"sigma",0.5491283629,0.5223470566,0.4969958753,0.4729924767,0.4502595776,0.4287246247,0.4083194879,0.3889801750,0.3706465648,0.3532621594,0.3367738526,0.3211317140,0.3062887878,0.2922009045,0.2788265058,0.2661264807,0.2540640126,0.2426044365,0.2317151053,0.2213652652,0.2115259393,0.2021698181,0.1932711580,0.1848056856,0.1767505086,0.1690840321,0.1617858808,0.1548368251,0.1482187134,0.1419144071,0.1359077209,0.1301833659,0.1247268972,0.1195246643,0.1145637642,0.1098319980,0.1053178301,0.1010103495,0.0968992340,0.0929747163,0.0892275518,0.0856489896,0.0822307434,0.0789649659,0.0758442239,0.0728614744,0.0700100435,0.0672836054,0.0646761628,0.0621820291,0.0597958109,0.0575123920,0.0553269182,0.0532347826,0.0512316129,0.0493132576,0.0474757750,0.0457154213,0.0440286402,0.0424120528
"Forcings",2.1423630968,2.4099718078,2.6663939899,2.9116492057,3.1459106804,3.3717202031,3.5908818500,3.7911159796,3.9703964992,4.1293005210,4.2693057003,4.3886870882,4.4875448543,4.5699364791,4.6388857166,4.6972619441,4.7472812357,4.7909946089,4.8300222566,4.8399692287,4.8375037325,4.8306664754,4.8200235930,4.8062866834,4.7899086917,4.7713759016,4.7510625885,4.7388130581,4.7321306211,4.7302371786,4.7324359626,4.7381062980,4.7466978134,4.7577244530,4.7707585322,4.7854250006,4.8013960156,4.8183858850,4.8361464081,4.8544626185,4.8731489184,4.8920455787,4.9110155676,4.9299416604,4.9487237595,4.9672763289,4.9855257934,5.0034076642,5.0208629935,5.0378334736,5.0542539603,5.0700401591,5.0858486397,5.1014470543,5.1166828010,5.1314577107,5.1457108424,5.1594067336,5.1725273461,5.1850665310
"Other Forcings",0.2500000000,0.2750000000,0.3000000000,0.3250000000,0.3500000000,0.3750000000,0.4000000000,0.4250000000,0.4500000000,0.4750000000,0.5000000000,0.5250000000,0.5500000000,0.5750000000,0.6000000000,0.6250000000,0.6500000000,0.6750000000,0.7000000000,0.7000000000,0.7000000000,0.7000000000,0.7000000000,0.7000000000,0.7000000000,0.7000000000,0.7000000000,0.7000000000,0.7000000000,0.7000000000,0.7000000000,0.7000000000,0.7000000000,0.7000000000,0.7000000000,0.7000000000,0.7000000000,0.7000000000,0.7000000000,0.7000000000,0.7000000000,0.7000000000,0.7000000000,0.7000000000,0.7000000000,0.7000000000,0.7000000000,0.7000000000,0.7000000000,0.7000000000,0.7000000000,0.7000000000,0.7000000000,0.7000000000,0.7000000000,0.7000000000,0.7000000000,0.7000000000,0.7000000000,0.7000000000
"Period utilty",0.2884791544,0.3394325664,0.3861330347,0.4289219958,0.4681181618,0.5041180020,0.5376545222,0.5683591990,0.5968325554,0.6230699650,0.6474829686,0.6700639524,0.6910512493,0.7106247332,0.7289296088,0.7460822309,0.7621824362,0.7773164878,0.7916712304,0.8050821762,0.8176804238,0.8295339810,0.8407014943,0.8512337320,0.8611765735,0.8705718230,0.8794725227,0.8878975514,0.8958734712,0.9034271479,0.9105847045,0.9173710014,0.9238094134,0.9299217705,0.9357283829,0.9412481158,0.9464984823,0.9514957495,0.9562550484,0.9607904912,0.9651153010,0.9692419679,0.9731824541,0.9769484925,0.9805520535,0.9840061057,0.9873259055,0.9905312151,0.9936501730,0.9967261437,0.9972302025,1.0005526235,1.0035475494,1.0062912558,1.0088359771,1.0112182287,1.0134640469,1.0155923749,1.0176172926,1.0195495087
"Consumption",46.9601319975,56.3435330337,66.8210329881,78.4027509797,91.0844040568,104.8793969769,119.9512527203,136.0882139110,153.4286753427,171.8561824988,191.4916771477,212.2041451777,234.0344977809,257.0134535102,281.1676689400,306.5145319504,333.0683970859,360.8394788608,390.0577676200,420.2825168506,451.6063161592,484.0228055008,517.5188830751,552.0733427934,587.6619411815,624.2582383551,661.8975276563,700.4909020601,739.9781131228,780.3043143793,821.4177320618,863.2682272671,905.8064489289,948.9833691727,992.7500494555,1037.0575927160,1081.8571972798,1127.1003391010,1172.7390547984,1218.7264202622,1265.0173243408,1311.5697863687,1358.3472362159,1405.3225722809,1452.4854430205,1499.8553444552,1547.5054163275,1595.6057395254,1644.5026994613,1694.8662807512,1703.4007279675,1760.7322365905,1814.8371798753,1866.5404896768,1916.4201248780,1964.8810463444,2012.2061472488,2058.5918207876,2104.1730474367,2149.0412110676
"Objective",2725.4226463611
"Land emissions",3.3000000000,2.6400000000,2.1120000000,1.6896000000,1.3516800000,1.0813440000,0.8650752000,0.6920601600,0.5536481280,0.4429185024,0.3543348019,0.2834678415,0.2267742732,0.1814194186,0.1451355349,0.1161084279,0.0928867423,0.0743093939,0.0594475151,0.0475580121,0.0380464097,0.0304371277,0.0243497022,0.0194797617,0.0155838094,0.0124670475,0.0099736380,0.0079789104,0.0063831283,0.0051065027,0.0040852021,0.0032681617,0.0026145294,0.0020916235,0.0016732988,0.0013386390,0.0010709112,0.0008567290,0.0006853832,0.0005483065,0.0004386452,0.0003509162,0.0002807330,0.0002245864,0.0001796691,0.0001437353,0.0001149882,0.0000919906,0.0000735925,0.0000588740,0.0000470992,0.0000376793,0.0000301435,0.0000241148,0.0000192918,0.0000154335,0.0000123468,0.0000098774,0.0000079019,0.0000063215
"Cumulative ind emissions",90.0000000000,137.6195749191,188.7557795411,242.9518519925,299.8009183644,359.3576669455,421.6545288950,484.0164024578,545.3560071723,605.0668479671,662.7809062506,717.5151136205,768.6651238172,816.5526691198,861.4226924761,903.5952785042,943.3363128537,980.9425726647,1016.6704895774,1050.5878467937,1080.7397990368,1108.7478229476,1134.7013576443,1158.7374272897,1180.9502982590,1201.4516059944,1220.3373170231,1239.8302115940,1259.5676910806,1279.5212683561,1299.6625528862,1319.9634853504,1340.3965060286,1360.9346796237,1381.5517904443,1402.2224164999,1422.9219879016,1443.6268327127,1464.3142121880,1484.9623461543,1505.5504285183,1526.0586316394,1546.4680967026,1566.7609044646,1586.9200161806,1606.9291664395,1626.7726756176,1646.4351253355,1665.9007967258,1685.1526934562,1704.1708275284,1722.9291675969,1741.5766332377,1760.0650697156,1778.3596495292,1796.4348928235,1814.2719588339,1831.8567864250,1849.1788082947,1866.2300558683
"Total Emissions GTCO2 per year",38.2146723307,40.1330652289,41.8485603213,43.3713354639,45.0186880597,46.7574031814,46.5888008963,45.6662583367,44.3336365988,42.7588660358,40.4854556456,37.7866553177,35.3379224890,33.0801205435,31.0660756107,29.2542348129,27.6657964357,26.2700180743,24.9276538261,22.1549693967,20.5735295411,19.0595687673,17.6475959662,16.3059567564,15.0471426410,13.8594703737,14.3021639374,14.4794988700,14.6363459867,14.7726963202,14.8887288849,14.9847589230,15.0612034093,15.1185572772,15.1573763228,15.1782643908,15.1818631267,15.1688433602,15.1398972073,15.0957302958,15.0370531736,14.9645707005,14.8789673840,14.7808852965,14.6708886389,14.5494046647,14.4166231213,14.2723222539,14.1155642752,13.9441547757,13.7536620374,13.6723594871,13.5557517691,13.4136100342,13.2527876752,13.0781522323,12.8932079366,12.7005163123,12.5019826228,12.2990520666
"Atmospheric concentrations upper",1527.0000000000,1541.1078616667,1557.9463230009,1577.3907740586,1599.3077087034,1623.5571197679,1650.0314486387,1678.6474492944,1709.1031946781,1741.0446979655,1774.1139565289,1807.9697023094,1842.2305356069,1876.5129660182,1910.5128350557,1943.9880822938,1976.7571522920,2008.6862655803,2039.6858477397,2069.7011740212,2098.6911867221,2126.4486659061,2152.9362898020,2178.1299159672,2202.0210333169,2224.6109543328,2245.9110505268,2265.9400539173,2284.9102470983,2302.9749958287,2320.2656824457,2336.8945031993,2352.9569325992,2368.5338908474,2383.6936479271,2398.4934949419,2412.9812102229,2427.1963447357,2441.1713485165,2454.9325572999,2468.5010561546,2481.8934348213,2495.1224474858,2508.1975878566,2521.1255885566,2533.9108518002,2546.5558158461,2559.0612583158,2571.4265323600,2583.6497233750,2595.7276999023,2607.6560074269,2619.4285075973,2631.0529917282,2642.5320449951,2653.8648881672,2665.0486330193,2676.0791384018,2686.9515928598,2697.6609093226
"Atmospheric concentrations lower",10010.0000000000,10010.4391250000,10010.9133714495,10011.4295539941,10011.9941734548,10012.6133946930,10013.2930304717,10014.0386226955,10014.8555032836,10015.7482475379,10016.7205442493,10017.7751859570,10018.9141110875,10020.1383039140,10021.4477896515,10022.8418331101,10024.3190941972,10025.8777793836,10027.5157612970,10029.2306893469,10031.0200769243,10032.8813356152,10034.8113598292,10036.8069517197,10038.8648541634,10040.9817898585,10043.1544858902,10045.3796988775,10047.6542333640,10049.9754256779,10052.3409964613,10054.7489955812,10057.1977540531,10059.6858421427,10062.2120328980,10064.7752704568,10067.3746425403,10070.0093566240,10072.6787193280,10075.3821186315,10078.1190085597,10080.8888960347,10083.6913296194,10086.5258899143,10089.3921813961,10092.2898255063,10095.2184548197,10098.1777081308,10101.1672263001,10104.1866486921,10107.2356100066,10110.3137372380,10113.4206463703,10116.5559381711,10119.7192330213,10122.9101578927,10126.1283379348,10129.3733912033,10132.6449255297,10135.9425368495
"eeq dual",0.0000000000,0.0000000000,0.0000000000,0.0000000000,0.0000000000,0.0000000000,0.0000000000,0.0000000000,0.0000000000,0.0000000000,0.0000000000,0.0000000000,0.0000000000,0.0000000000,0.0000000000,0.0000000000,0.0000000000,0.0000000000,0.0000000000,0.0000000000,0.0000000000,0.0000000000,0.0000000000,0.0000000000,0.0000000000,0.0000000000,0.0000000000,0.0000000000,0.0000000000,0.0000000000,0.0000000000,0.0000000000,0.0000000000,0.0000000000,0.0000000000,0.0000000000,0.0000000000,0.0000000000,0.0000000000,0.0000000000,0.0000000000,0.0000000000,0.0000000000,0.0000000000,0.0000000000,0.0000000000,0.0000000000,0.0000000000,0.0000000000,0.0000000000,0.0000000000,0.0000000000,0.0000000000,0.0000000000,0.0000000000,0.0000000000,0.0000000000,0.0000000000,0.0000000000,0.0000000000
"yy dual",5.0197589800,3.8888984191,3.0299609352,2.3746068981,1.8722003764,1.4844646903,1.1811651940,0.9457203767,0.7605493481,0.6149224508,0.4992020676,0.4072452658,0.3336554775,0.2744269245,0.2265211374,0.1876087627,0.1558781598,0.1299105981,0.1084973025,0.0909508299,0.0764823705,0.0645081378,0.0545645561,0.0462813051,0.0393603159,0.0335606756,0.0286829726,0.0245734454,0.0211030925,0.0181653912,0.0156724690,0.0135517996,0.0117434369,0.0101977359,0.0088734899,0.0077364145,0.0067579135,0.0059140760,0.0051848587,0.0045534183,0.0040055656,0.0035293167,0.0031145231,0.0027525660,0.0024361001,0.0021588372,0.0019153601,0.0017009562,0.0015114603,0.0013430945,0.0012196232,0.0010752764,0.0009507564,0.0008414928,0.0007439966,0.0006553729,0.0005729891,0.0004942154,0.0004161820,0.0003355180
