
"This is the DICE-2013 Rocky Road model, version is DICE2013_032813.gms"
"Limit 2 Degrees Scenario"

"Period",1.0000000000,2.0000000000,3.0000000000,4.0000000000,5.0000000000,6.0000000000,7.0000000000,8.0000000000,9.0000000000,10.0000000000,11.0000000000,12.0000000000,13.0000000000,14.0000000000,15.0000000000,16.0000000000,17.0000000000,18.0000000000,19.0000000000,20.0000000000,21.0000000000,22.0000000000,23.0000000000,24.0000000000,25.0000000000,26.0000000000,27.0000000000,28.0000000000,29.0000000000,30.0000000000,31.0000000000,32.0000000000,33.0000000000,34.0000000000,35.0000000000,36.0000000000,37.0000000000,38.0000000000,39.0000000000,40.0000000000,41.0000000000,42.0000000000,43.0000000000,44.0000000000,45.0000000000,46.0000000000,47.0000000000,48.0000000000,49.0000000000,50.0000000000,51.0000000000,52.0000000000,53.0000000000,54.0000000000,55.0000000000,56.0000000000,57.0000000000,58.0000000000,59.0000000000,60.0000000000
"Year",2015.0000000000,2020.0000000000,2025.0000000000,2030.0000000000,2035.0000000000,2040.0000000000,2045.0000000000,2050.0000000000,2055.0000000000,2060.0000000000,2065.0000000000,2070.0000000000,2075.0000000000,2080.0000000000,2085.0000000000,2090.0000000000,2095.0000000000,2100.0000000000,2105.0000000000,2110.0000000000,2115.0000000000,2120.0000000000,2125.0000000000,2130.0000000000,2135.0000000000,2140.0000000000,2145.0000000000,2150.0000000000,2155.0000000000,2160.0000000000,2165.0000000000,2170.0000000000,2175.0000000000,2180.0000000000,2185.0000000000,2190.0000000000,2195.0000000000,2200.0000000000,2205.0000000000,2210.0000000000,2215.0000000000,2220.0000000000,2225.0000000000,2230.0000000000,2235.0000000000,2240.0000000000,2245.0000000000,2250.0000000000,2255.0000000000,2260.0000000000,2265.0000000000,2270.0000000000,2275.0000000000,2280.0000000000,2285.0000000000,2290.0000000000,2295.0000000000,2300.0000000000,2305.0000000000,2310.0000000000
"Industrial Emissions GTCO2 per year",25.9019392962,27.5513740758,28.5714584754,28.7594929259,27.9074846576,25.8050416691,22.2432763607,17.0188839201,9.9363315404,0.8032890774,0.0000000000,0.0000000000,0.0000000000,0.0000000000,0.0000000000,0.0000000000,0.0000000000,0.0000000000,2.6645958889,3.9069250189,3.7614859427,3.6213003599,3.4864347637,3.3568929564,3.2326307044,3.1135673728,2.9995951477,2.8905863323,2.7863991053,2.6868820518,2.5918777168,2.5012253785,2.4147632008,2.3323298920,2.2537659709,2.1789147215,2.1076229013,2.0397412539,1.9751248685,1.9136334178,1.8551313023,1.7994877197,1.7465766776,1.6962769629,1.6484720768,1.6030501455,1.5599038124,1.5189301166,1.4800303630,1.4431099857,1.4080784085,1.3748489045,1.3433384544,1.3134676074,-1.3468307227,-4.4710719576,-3.2580997369,5.4750926201,29.1285786348,122.9810704201
"Atmospheric concentration C (ppm)",389.8591549296,401.7282070954,413.4402067393,424.7201815966,435.1689186750,444.2730326268,451.4149409005,455.8835852632,456.8861013981,453.5592779100,444.9766139896,436.9221839219,429.8322200764,423.5914716442,418.0978789582,413.2611883269,409.0016846380,405.2490384182,401.9412621302,400.7299667521,400.5062685987,400.2882831303,400.0758615311,399.8688590064,399.6671346671,399.4705514174,399.2789758465,399.0922781233,398.9103318945,398.7330141864,398.5602053088,398.3917887628,398.2276511507,398.0676820891,397.9117741246,397.7598226518,397.6117258342,397.4673845271,397.3267022032,397.1895848799,397.0559410492,396.9256816098,396.7987198007,396.6749711371,396.5543533483,396.4367863168,396.3221920203,396.2104944741,396.1016196763,395.9954955537,395.8920519098,395.7912203741,395.6929343532,395.5971289823,395.5037410795,393.7273891918,390.1182943727,387.6084971745,390.9042470936,409.0402811095
"Atmospheric Temperature ",0.8000000000,0.9189425298,1.0396457586,1.1609122351,1.2812816250,1.3989642418,1.5117924150,1.6171746538,1.7120367046,1.7927291295,1.8548689314,1.9014579608,1.9356567032,1.9600967780,1.9769588077,1.9880400974,1.9948133011,1.9984771230,2.0000000000,2.0000000000,2.0000000000,2.0000000000,2.0000000000,2.0000000000,2.0000000000,2.0000000000,2.0000000000,2.0000000000,2.0000000000,2.0000000000,2.0000000000,2.0000000000,2.0000000000,2.0000000000,2.0000000000,2.0000000000,2.0000000000,2.0000000000,2.0000000000,2.0000000000,2.0000000000,2.0000000000,2.0000000000,2.0000000000,2.0000000000,2.0000000000,2.0000000000,2.0000000000,2.0000000000,2.0000000000,2.0000000000,2.0000000000,2.0000000000,2.0000000000,2.0000000000,1.9977052092,1.9908979825,1.9816730894,1.9783739224,2.0000000000
"Output Net Net) ",63.4852516748,75.6287318767,89.1836758717,104.1440053565,120.4938234652,138.2015648515,157.2086750601,177.4072631473,198.5953819982,220.3855207312,245.1629743984,272.0187759720,300.7386759725,331.2454006460,363.4815772407,397.4005213180,432.9585346501,470.1069308096,509.3508131696,550.0339332562,592.0237853633,635.4572770728,680.3159278323,726.5714060230,774.1879400562,823.1239581430,873.3332316374,924.7657002512,977.3680943693,1031.0844280549,1085.8564099148,1141.6238007361,1198.3247355630,1255.8960196820,1314.2734018401,1373.3918246695,1433.1856423008,1493.5887926153,1554.5348899525,1615.9571857114,1677.7882955755,1739.9595048721,1802.3993287725,1865.0306991906,1927.7657165724,1990.4959428677,2053.0746041540,2115.2840732591,2176.7762448573,2236.9624256670,2294.8065776009,2372.1730307985,2445.1855348502,2514.9570126572,2582.0363435573,2647.1313495035,2711.0571705430,2774.3355199127,2837.3474433859,2899.6726729054
"Climate Damages fraction output",0.0000000000,0.0000000000,0.0000000000,0.0000000000,0.0000000000,0.0000000000,0.0000000000,0.0000000000,0.0000000000,0.0000000000,0.0000000000,0.0000000000,0.0000000000,0.0000000000,0.0000000000,0.0000000000,0.0000000000,0.0000000000,0.0000000000,0.0000000000,0.0000000000,0.0000000000,0.0000000000,0.0000000000,0.0000000000,0.0000000000,0.0000000000,0.0000000000,0.0000000000,0.0000000000,0.0000000000,0.0000000000,0.0000000000,0.0000000000,0.0000000000,0.0000000000,0.0000000000,0.0000000000,0.0000000000,0.0000000000,0.0000000000,0.0000000000,0.0000000000,0.0000000000,0.0000000000,0.0000000000,0.0000000000,0.0000000000,0.0000000000,0.0000000000,0.0000000000,0.0000000000,0.0000000000,0.0000000000,0.0000000000,0.0000000000,0.0000000000,0.0000000000,0.0000000000,0.0000000000
"Consumption Per Capita ",6.9008191768,7.7894290477,8.7655763179,9.8260965231,10.9675535132,12.1860085826,13.4776386820,14.8408966611,16.2815711886,17.8235484584,19.5224244872,21.3683538835,23.3506951602,25.4627271323,27.7002123117,30.0605698620,32.5425307456,35.1462842987,37.8745956844,40.7134161677,43.6562323030,46.7034331577,49.8541779713,53.1067380470,56.4587244632,59.9072423359,63.4489979564,67.0803756944,70.7974955580,74.5962582305,78.4723821046,82.4214350564,86.4388628340,90.5200153540,94.6601715680,98.8545646263,103.0984075850,107.3869231851,111.7153802722,116.0791444246,120.4737562503,124.8950576454,129.3394139007,133.8040967159,138.2879784140,142.7927822459,147.3253419595,151.9017257262,156.5547857942,161.3481816117,162.1577933387,167.6174960903,172.7700904775,177.6941962880,182.4285672995,187.0231809520,191.5355923072,196.0026234306,200.4511587854,204.8514743976
"Carbon Price (per t CO2)",30.0528599970,39.3619998538,51.3394975300,66.5877737843,85.7948693510,109.7191937991,139.1639864610,174.9498491157,217.9137408621,269.0085368339,267.0573895746,260.3809548352,253.8714309644,247.5246451903,241.3365290605,235.3031158340,229.4205379381,223.6850244897,209.4577157074,200.7008515582,196.4077093816,192.1362516779,187.8974767889,183.7002409540,179.5517017344,175.4576391321,171.4226987085,167.4505820951,163.5442001042,159.7057980067,155.9370593336,152.2391926369,148.6130044607,145.0589609916,141.5772403175,138.1677768441,134.8302991077,131.5643620140,128.3693743201,125.2446220351,122.1892882554,119.2024697909,116.2831907921,113.4304133016,110.6430444079,107.9199390371,105.2598965673,102.6616478763,100.1238264063,97.6449111124,95.2231166717,92.8733532392,90.5755942853,88.3301332346,89.2716670848,90.8021540671,87.1625158400,75.0527308091,49.1389667379,0.0000000000
"Emissions Control Rate",0.2581359764,0.3041328889,0.3574940809,0.4189126236,0.4890803663,0.5686354579,0.6581128979,0.7579207354,0.8683928698,0.9900287839,1.0000000000,1.0000000000,1.0000000000,1.0000000000,1.0000000000,1.0000000000,1.0000000000,1.0000000000,0.9778059770,0.9684055361,0.9703954765,0.9721923287,0.9738191513,0.9752954072,0.9766377419,0.9778605252,0.9789762456,0.9799958115,0.9809287885,0.9817835919,0.9825676451,0.9832875126,0.9839490122,0.9845573100,0.9851170021,0.9856321848,0.9861065146,0.9865432596,0.9869453449,0.9873153894,0.9876557385,0.9879684890,0.9882555079,0.9885184421,0.9887587148,0.9889775028,0.9891756798,0.9893537032,0.9895113986,0.9896475572,0.9897591738,0.9899416612,0.9900878721,0.9902057651,1.0101647208,1.0341942915,1.0252752274,0.9568818387,0.7669688116,0.0000000000
"Social cost of carbon",30.0528600053,39.3619998610,51.3394975322,66.5877737843,85.7948693510,109.7191938159,139.1639864712,174.9498491265,217.9137408912,269.0085368630,329.4590195181,398.3618051068,472.9081713271,547.3362720906,611.2004001803,646.8310804095,625.6409457033,502.7851117790,209.4577157074,200.7008515582,196.4077093816,192.1362516779,187.8974767889,183.7002409540,179.5517017344,175.4576391321,171.4226987085,167.4505820951,163.5442001042,159.7057980067,155.9370593336,152.2391926369,148.6130044607,145.0589609916,141.5772403175,138.1677768441,134.8302991077,131.5643620140,128.3693743201,125.2446220351,122.1892882554,119.2024697909,116.2831907921,113.4304133016,110.6430444079,107.9199390371,105.2598965673,102.6616478763,100.1238264063,97.6449111124,95.2231166717,92.8733532392,90.5755942853,88.3301332346,89.2716670848,90.8021540671,87.1625158400,75.0527308091,49.1389667379,0.0000000000
"Interest Rate ",0.0512874644,0.0503541329,0.0491804800,0.0478699248,0.0464874883,0.0450912650,0.0437619926,0.0426403594,0.0419872894,0.0421554897,0.0419451653,0.0414522889,0.0408101571,0.0400966916,0.0393579316,0.0386225212,0.0379111787,0.0372463916,0.0364992892,0.0357514914,0.0350558473,0.0343995922,0.0337748961,0.0331768309,0.0326021845,0.0320487677,0.0315150069,0.0309997044,0.0305018965,0.0300207698,0.0295556104,0.0291057752,0.0286706737,0.0282497582,0.0278425207,0.0274484915,0.0270672483,0.0266984284,0.0263417579,0.0259971056,0.0256645721,0.0253446663,0.0250385850,0.0247487501,0.0244797354,0.0242399019,0.0240443476,0.0239201696,0.0239161264,0.0164743638,0.0247942593,0.0239513283,0.0233057165,0.0227694033,0.0223480993,0.0220419377,0.0218087960,0.0216275159,0.0214118543,0.0000000000
"Population",6838.0000000000,7242.4909902817,7612.0624490151,7947.3144083379,8249.5494073664,8520.5561633235,8762.4308785046,8977.4350979826,9167.8866567272,9336.0791290480,9484.2248989409,9614.4171827133,9728.6068217838,9828.5902665064,9916.0057923350,9992.3355707251,10058.9117304096,10116.9249798906,10167.4347198162,10211.3798609328,10249.5897887346,10282.7950896782,10311.6377853629,10336.6809188678,10358.4174087482,10377.2781370437,10393.6392729400,10407.8288573315,10420.1326885111,10430.7995579180,10440.0458890952,10448.0598341152,10455.0048807149,10461.0230210058,10466.2375294065,10470.7553937935,10474.6694400288,10478.0601862010,10480.9974592226,10483.5418029352,10485.7457036401,10487.6546559950,10489.3080895277,10490.7401735831,10491.9805163496,10493.0547716735,10493.9851656540,10494.7909534956,10495.4888157582,10496.0932019719,10496.6166285535,10497.0699370635,10497.4625180506,10497.8025050483,10498.0969426852,10498.3519323512,10498.5727584062,10498.7639975228,10498.9296134125,10499.0730388838
"TFP",3.8000000000,4.1259500543,4.4685308531,4.8277095371,5.2033977904,5.5954527831,6.0036784860,6.4278273286,6.8676021685,7.3226585392,7.7926071428,8.2770165520,8.7754160889,9.2872988433,9.8121248007,10.3493240464,10.8983000151,11.4584327581,12.0290822018,12.6095913712,13.1992895587,13.7974954153,14.4035199491,15.0166694135,15.6362480732,16.2615608355,16.8919157401,17.5266262975,18.1650136730,18.8064087124,19.4501538060,20.0956045925,20.7421315033,21.3891211469,22.0359775407,22.6821231902,23.3270000229,23.9700701809,24.6108166798,25.2487439383,25.8833781868,26.5142677614,27.1409832908,27.7631177825,28.3802866164,28.9921274535,29.5983000643,30.1984860876,30.7923887231,31.3797323660,31.9602621905,32.5337436862,33.0999621553,33.6587221748,34.2098470294,34.7531781198,35.2885743507,35.8159115034,36.3350815967,36.8459922389
"Output gross gross",63.5819868191,75.7980094654,89.4751618816,104.6370652702,121.3123855362,139.5345295093,159.3367419399,180.7365622558,203.6979580756,228.0481812371,253.2991181102,280.3921448523,309.3289591175,340.0286971275,372.4320533728,406.4914693136,442.1630269778,479.3981775911,518.1326697825,558.6175937758,600.6724813431,644.1449487199,689.0183280278,735.2659671776,782.8536924170,831.7414745421,881.8845843352,933.2344218601,985.7391385840,1039.3441280910,1093.9924338155,1149.6251034065,1206.1815077690,1263.5996344393,1321.8163586863,1380.7676923300,1440.3890002016,1500.6151716404,1561.3807127048,1622.6197063803,1684.2655392461,1746.2502056710,1808.5028656095,1870.9470266413,1933.4952866996,1996.0396104823,2058.4335026030,2120.4594385399,2181.7691492578,2241.7733522808,2299.4347096207,2376.6612225980,2449.5260917247,2519.1461553614,2586.3037633865,2651.5166393713,2715.1713335267,2777.5923718590,2839.0299273593,2899.6726729054
"Change tfp",0.0790000000,0.0766651972,0.0743993982,0.0722005636,0.0700667145,0.0679959301,0.0659863467,0.0640361554,0.0621436010,0.0603069801,0.0585246394,0.0567949749,0.0551164298,0.0534874931,0.0519066988,0.0503726240,0.0488838880,0.0474391507,0.0460371119,0.0446765097,0.0433561193,0.0420747523,0.0408312554,0.0396245095,0.0384534282,0.0373169577,0.0362140749,0.0351437872,0.0341051314,0.0330971724,0.0321190031,0.0311697431,0.0302485380,0.0293545586,0.0284870003,0.0276450822,0.0268280465,0.0260351579,0.0252657027,0.0245189884,0.0237943427,0.0230911136,0.0224086681,0.0217463919,0.0211036889,0.0204799806,0.0198747057,0.0192873194,0.0187172929,0.0181641133,0.0176272827,0.0171063177,0.0166007496,0.0161101233,0.0156339972,0.0151719428,0.0147235441,0.0142883976,0.0138661116,0.0134563061
"Capital",135.0000000000,161.2034007185,191.2583069874,225.2339253839,263.2630150033,305.5364221282,352.2661734858,403.5686412977,459.1736298810,517.7763504487,575.6590669900,639.9604724118,710.7627954939,787.5430418314,869.9497337474,957.7271758244,1050.6544191032,1148.4813799160,1250.8398162136,1359.9250731196,1474.4910330839,1593.4987728044,1717.0223099917,1845.0730163513,1977.6171663740,2114.5876890780,2255.8920945225,2401.4178961378,2551.0364051836,2704.6054700989,2861.9715374461,3022.9712717264,3187.4328845076,3355.1772577257,3526.0188949239,3699.7667054365,3876.2245364290,4055.1913417869,4236.4606767634,4419.8190308386,4605.0420529560,4791.8868997130,4980.0776556439,5169.2778961278,5359.0403368009,5548.7144355139,5737.2776758381,5923.0283503351,6103.0250920288,6272.0614940965,6420.7739591562,6754.8947531036,7052.1000610761,7321.8844941761,7571.2917436293,7805.1898563557,8027.3674400886,8241.1142941078,8449.0467476269,8653.2017958622
"s",0.2567123814,0.2540550622,0.2518348938,0.2501625206,0.2491119297,0.2486946827,0.2487890550,0.2489981289,0.2483833322,0.2449501300,0.2447674252,0.2447423234,0.2446274777,0.2444794356,0.2443208049,0.2441497044,0.2439404283,0.2436352279,0.2439641418,0.2441554370,0.2441883521,0.2442578746,0.2443536829,0.2444687456,0.2445981084,0.2447381588,0.2448861751,0.2450400467,0.2451980968,0.2453589675,0.2455215416,0.2456848880,0.2458482196,0.2460108563,0.2461721900,0.2463316388,0.2464885864,0.2466422821,0.2467916775,0.2469351454,0.2470699818,0.2471915414,0.2472916857,0.2473560819,0.2473593847,0.2472566998,0.2469684492,0.2463533021,0.2451594383,0.2429351818,0.2582781457,0.2582781457,0.2582781457,0.2582781457,0.2582781457,0.2582781457,0.2582781457,0.2582781457,0.2582781457,0.2582781457
"I",16.2974501437,19.2138621794,22.4595615382,26.0529268807,30.0164488798,34.3699943167,39.1117977032,44.1740765762,49.3277827481,53.9834619627,60.0079099890,66.5745072279,73.5689437440,80.9826885953,88.8061115088,97.0252198101,105.6160903959,114.5346092374,124.2633340087,134.2937753315,144.5653125357,155.2154439277,166.2377025048,177.6240001897,189.3649057012,201.4498419998,213.8672346486,226.6046303386,239.6487966404,252.9858106815,266.6011397160,280.4797156532,294.6060027506,308.9640552019,323.5375616346,338.3098589072,353.2639030542,368.3821482703,383.6462731633,399.0366226872,414.5311235726,430.1032720465,445.7183682493,461.3266863833,476.8509414073,492.1634577623,507.0446511059,521.1072162879,533.6572415009,543.4368735014,592.6983875923,612.6804516632,631.5379858222,649.5584337326,666.8835589320,683.6961763618,700.2068188820,716.5502336198,732.8248363712,748.9220810815
"Y gross net",63.5819868191,75.7980094654,89.4751618816,104.6370652702,121.3123855362,139.5345295093,159.3367419399,180.7365622558,203.6979580756,228.0481812371,253.2991181102,280.3921448523,309.3289591175,340.0286971275,372.4320533728,406.4914693136,442.1630269778,479.3981775911,518.1326697825,558.6175937758,600.6724813431,644.1449487199,689.0183280278,735.2659671776,782.8536924170,831.7414745421,881.8845843352,933.2344218601,985.7391385840,1039.3441280910,1093.9924338155,1149.6251034065,1206.1815077690,1263.5996344393,1321.8163586863,1380.7676923300,1440.3890002016,1500.6151716404,1561.3807127048,1622.6197063803,1684.2655392461,1746.2502056710,1808.5028656095,1870.9470266413,1933.4952866996,1996.0396104823,2058.4335026030,2120.4594385399,2181.7691492578,2241.7733522808,2299.4347096207,2376.6612225980,2449.5260917247,2519.1461553614,2586.3037633865,2651.5166393713,2715.1713335267,2777.5923718590,2839.0299273593,2899.6726729054
"damages",0.0000000000,0.0000000000,0.0000000000,0.0000000000,0.0000000000,0.0000000000,0.0000000000,0.0000000000,0.0000000000,0.0000000000,0.0000000000,0.0000000000,0.0000000000,0.0000000000,0.0000000000,0.0000000000,0.0000000000,0.0000000000,0.0000000000,0.0000000000,0.0000000000,0.0000000000,0.0000000000,0.0000000000,0.0000000000,0.0000000000,0.0000000000,0.0000000000,0.0000000000,0.0000000000,0.0000000000,0.0000000000,0.0000000000,0.0000000000,0.0000000000,0.0000000000,0.0000000000,0.0000000000,0.0000000000,0.0000000000,0.0000000000,0.0000000000,0.0000000000,0.0000000000,0.0000000000,0.0000000000,0.0000000000,0.0000000000,0.0000000000,0.0000000000,0.0000000000,0.0000000000,0.0000000000,0.0000000000,0.0000000000,0.0000000000,0.0000000000,0.0000000000,0.0000000000,0.0000000000
"abatement",0.0967351443,0.1692775887,0.2914860098,0.4930599137,0.8185620710,1.3329646578,2.1280668799,3.3292991085,5.1025760774,7.6626605059,8.1361437119,8.3733688803,8.5902831450,8.7832964815,8.9504761321,9.0909479956,9.2044923277,9.2912467815,8.7818566129,8.5836605196,8.6486959798,8.6876716472,8.7024001956,8.6945611546,8.6657523607,8.6175163991,8.5513526978,8.4687216089,8.3710442147,8.2597000361,8.1360239007,8.0013026703,7.8567722060,7.7036147573,7.5429568462,7.3758676605,7.2033579008,7.0263790251,6.8458227523,6.6625206690,6.4772436705,6.2907007989,6.1035368370,5.9163274506,5.7295701271,5.5436676146,5.3588984490,5.1753652808,4.9929044005,4.8109266138,4.6281320198,4.4881917994,4.3405568745,4.1891427042,4.2674198292,4.3852898678,4.1141629837,3.2568519463,1.6824839734,0.0000000000
"sigma",0.5491283629,0.5223470566,0.4969958753,0.4729924767,0.4502595776,0.4287246247,0.4083194879,0.3889801750,0.3706465648,0.3532621594,0.3367738526,0.3211317140,0.3062887878,0.2922009045,0.2788265058,0.2661264807,0.2540640126,0.2426044365,0.2317151053,0.2213652652,0.2115259393,0.2021698181,0.1932711580,0.1848056856,0.1767505086,0.1690840321,0.1617858808,0.1548368251,0.1482187134,0.1419144071,0.1359077209,0.1301833659,0.1247268972,0.1195246643,0.1145637642,0.1098319980,0.1053178301,0.1010103495,0.0968992340,0.0929747163,0.0892275518,0.0856489896,0.0822307434,0.0789649659,0.0758442239,0.0728614744,0.0700100435,0.0672836054,0.0646761628,0.0621820291,0.0597958109,0.0575123920,0.0553269182,0.0532347826,0.0512316129,0.0493132576,0.0474757750,0.0457154213,0.0440286402,0.0424120528
"Forcings",2.1423630968,2.3317767454,2.5143206934,2.6868897675,2.8451286142,2.9836386217,3.0960674907,3.1750704091,3.2121129594,3.1970478874,3.1173138087,3.0421718063,2.9774814433,2.9223011106,2.8757363996,2.8369463848,2.8051474314,2.7796149440,2.7596834605,2.7431371632,2.7400759755,2.7370913175,2.7341812759,2.7313439854,2.7285776271,2.7258804278,2.7232506585,2.7206866334,2.7181867090,2.7157492826,2.7133727920,2.7110557135,2.7087965621,2.7065938894,2.7044462835,2.7023523678,2.7003108000,2.6983202714,2.6963795060,2.6944872597,2.6926423196,2.6908435030,2.6890896568,2.6873796568,2.6857124067,2.6840868379,2.6825019084,2.6809566020,2.6794499284,2.6779809215,2.6765486399,2.6751521653,2.6737906025,2.6724630788,2.6711687432,2.6464905330,2.5960059328,2.5606223986,2.6070396318,2.8556647524
"Other Forcings",0.2500000000,0.2750000000,0.3000000000,0.3250000000,0.3500000000,0.3750000000,0.4000000000,0.4250000000,0.4500000000,0.4750000000,0.5000000000,0.5250000000,0.5500000000,0.5750000000,0.6000000000,0.6250000000,0.6500000000,0.6750000000,0.7000000000,0.7000000000,0.7000000000,0.7000000000,0.7000000000,0.7000000000,0.7000000000,0.7000000000,0.7000000000,0.7000000000,0.7000000000,0.7000000000,0.7000000000,0.7000000000,0.7000000000,0.7000000000,0.7000000000,0.7000000000,0.7000000000,0.7000000000,0.7000000000,0.7000000000,0.7000000000,0.7000000000,0.7000000000,0.7000000000,0.7000000000,0.7000000000,0.7000000000,0.7000000000,0.7000000000,0.7000000000,0.7000000000,0.7000000000,0.7000000000,0.7000000000,0.7000000000,0.7000000000,0.7000000000,0.7000000000,0.7000000000,0.7000000000
"Period utilty",0.2905091372,0.3399350710,0.3855867535,0.4274987785,0.4658456072,0.5008659367,0.5328381072,0.5620907740,0.5890466586,0.6143110721,0.6387135729,0.6619610755,0.6838872801,0.7044601020,0.7237165638,0.7417273669,0.7585784928,0.7743627662,0.7891793608,0.8030373597,0.8159971983,0.8281457350,0.8395545414,0.8502845624,0.8603889429,0.8699148035,0.8789044065,0.8873959579,0.8954241895,0.9030208008,0.9102148111,0.9170328479,0.9234993915,0.9296369862,0.9354664248,0.9410069137,0.9462762208,0.9512908126,0.9560659835,0.9606159834,0.9649541554,0.9690930946,0.9730448587,0.9768212655,0.9804343610,0.9838971841,0.9872250533,0.9904377876,0.9935635752,0.9966458269,0.9971533345,1.0004823570,1.0034830149,1.0062317835,1.0087724455,1.0111483203,1.0134007198,1.0155559346,1.0176325864,1.0196220110
"Consumption",47.1878015311,56.4148696973,66.7241143336,78.0910784758,90.4773745854,103.8315705348,118.0968773568,133.2331865710,149.2675992501,166.4020587684,185.1550644094,205.4442687441,227.1697322285,250.2627120508,274.6754657319,300.3753015079,327.3424442541,355.5723215722,385.0874791609,415.7401579247,447.4584728275,480.2418331451,514.0782253274,548.9474058332,584.8230343551,621.6741161432,659.4659969888,698.1610699125,737.7192977289,778.0986173734,819.2552701988,861.1440850830,903.7187328124,946.9319644801,990.7358402055,1035.0819657624,1079.9217392466,1125.2066443449,1170.8886167892,1216.9205630242,1263.2571720029,1309.8562328256,1356.6809605232,1403.7040128073,1450.9147751652,1498.3324851054,1546.0299530481,1594.1768569712,1643.1190033564,1693.5255521655,1702.1081900086,1759.4925791353,1813.6475490280,1865.3985789245,1915.1527846253,1963.4351731417,2010.8503516611,2057.7852862929,2104.5226070147,2150.7505918239
"Objective",2694.4230194779
"Land emissions",3.3000000000,2.6400000000,2.1120000000,1.6896000000,1.3516800000,1.0813440000,0.8650752000,0.6920601600,0.5536481280,0.4429185024,0.3543348019,0.2834678415,0.2267742732,0.1814194186,0.1451355349,0.1161084279,0.0928867423,0.0743093939,0.0594475151,0.0475580121,0.0380464097,0.0304371277,0.0243497022,0.0194797617,0.0155838094,0.0124670475,0.0099736380,0.0079789104,0.0063831283,0.0051065027,0.0040852021,0.0032681617,0.0026145294,0.0020916235,0.0016732988,0.0013386390,0.0010709112,0.0008567290,0.0006853832,0.0005483065,0.0004386452,0.0003509162,0.0002807330,0.0002245864,0.0001796691,0.0001437353,0.0001149882,0.0000919906,0.0000735925,0.0000588740,0.0000470992,0.0000376793,0.0000301435,0.0000241148,0.0000192918,0.0000154335,0.0000123468,0.0000098774,0.0000079019,0.0000063215
"Cumulative ind emissions",90.0000000000,125.3272494492,162.9041371686,201.8723020286,241.0969241316,279.1595054977,314.3545977905,344.6918541471,367.9036434544,381.4556504653,382.5512438606,382.5512438606,382.5512438606,382.5512438606,382.5512438606,382.5512438606,382.5512438606,382.5512438606,382.5512438606,386.1854444729,391.5140383339,396.6442701162,401.5833049769,406.3383987626,410.9168125057,415.3257469089,419.5722926982,423.6633935543,427.6058189939,431.4061451059,435.0707414667,438.6057629026,442.0171450336,445.3106027543,448.4916309758,451.5655070954,454.5372947680,457.4118486433,460.1938198025,462.8876616852,465.4976363413,468.0278208781,470.4821140037,472.8642425875,475.1777681779,477.4260934326,479.6124684265,481.7399968122,483.8116418158,485.8302320545,487.7984671686,489.7189232632,491.5940581575,493.4262164422,495.2176343465,493.3807130117,487.2826879741,482.8390167564,490.3064098552,530.0344221776
"Total Emissions GTCO2 per year",29.2019392962,30.1913740758,30.6834584754,30.4490929259,29.2591646576,26.8863856691,23.1083515607,17.7109440801,10.4899796684,1.2462075798,0.3543348019,0.2834678415,0.2267742732,0.1814194186,0.1451355349,0.1161084279,0.0928867423,0.0743093939,2.7240434040,3.9544830310,3.7995323524,3.6517374876,3.5107844659,3.3763727181,3.2482145138,3.1260344203,3.0095687857,2.8985652427,2.7927822336,2.6919885544,2.5959629189,2.5044935402,2.4173777302,2.3344215155,2.2554392697,2.1802533606,2.1086938126,2.0405979829,1.9758102516,1.9141817244,1.8555699476,1.7998386359,1.7468574106,1.6965015493,1.6486517459,1.6031938808,1.5600188006,1.5190221072,1.4801039555,1.4431688596,1.4081255077,1.3748865838,1.3433685979,1.3134917222,-1.3468114309,-4.4710565241,-3.2580873901,5.4751024975,29.1285865367,122.9810767416
"Atmospheric concentrations upper",1527.0000000000,1541.1078616667,1556.8645983595,1574.1734622721,1592.8901162894,1612.8012892422,1633.6061898195,1654.9005490146,1676.1633236681,1696.7461301536,1715.8652572513,1732.5953279080,1747.1329128305,1759.7483223366,1770.6792258075,1780.1344571580,1788.2974052692,1795.3290284092,1801.3705294494,1806.5457262040,1811.2829582677,1815.7852267152,1820.0631995033,1824.1270809348,1827.9866313512,1831.6511860000,1835.1296731103,1838.4306312093,1841.5622257120,1844.5322648144,1847.3482147185,1850.0172142176,1852.5460886686,1854.9413633767,1857.2092764171,1859.3557909165,1861.3866068188,1863.3071721541,1865.1226938335,1866.8381479892,1868.4582898783,1869.9876633688,1871.4306100255,1872.7912778127,1874.0736294285,1875.2814502881,1876.4183561685,1877.4878005311,1878.4930815334,1879.4373487449,1880.3236095776,1881.1547354451,1881.9334676598,1882.6624230803,1883.3440995191,1883.9808809209,1884.2591459569,1883.8500035051,1882.9875720808,1882.7785502262
"Atmospheric concentrations lower",10010.0000000000,10010.4391250000,10010.9133714495,10011.4268496825,10011.9834267764,10012.5866076606,10013.2393629036,10013.9439100932,10014.7014553961,10015.5119019641,10016.3735320225,10017.2826690986,10018.2333245175,10019.2200030526,10020.2378871074,10021.2827548850,10022.3509080982,10023.4391081798,10024.5445200519,10025.6646626000,10026.7973650918,10027.9415283768,10029.0965611778,10030.2618990871,10031.4370033985,10032.6213599882,10033.8144782442,10035.0158900406,10036.2251487557,10037.4418283323,10038.6655223773,10039.8958433003,10041.1324214887,10042.3749045181,10043.6229563963,10044.8762568396,10046.1345005802,10047.3973967033,10048.6646680123,10049.9360504214,10051.2112923744,10052.4901542879,10053.7724080192,10055.0578363566,10056.3462325313,10057.6373997514,10058.9311507547,10060.2273073818,10061.5257001669,10062.8261679469,10064.1285574871,10065.4327231229,10066.7385264174,10068.0458358339,10069.3545264220,10070.6644795181,10071.9755824586,10073.2869385644,10074.5968292314,10075.9041217318
"eeq dual",-0.1498038733,-0.1527942322,-0.1558844072,-0.1590356717,-0.1621901557,-0.1652629800,-0.1681313668,-0.1706192633,-0.1724751164,-0.1733388003,-0.1726905301,-0.1700280185,-0.1647489768,-0.1561142435,-0.1432198960,-0.1249640037,-0.1000070318,-0.0667247316,-0.0231521393,-0.0185438086,-0.0152240575,-0.0125360952,-0.0103521895,-0.0085721761,-0.0071170102,-0.0059240013,-0.0049432218,-0.0041347635,-0.0034666218,-0.0029130505,-0.0024532780,-0.0020704982,-0.0017510765,-0.0014839220,-0.0012599893,-0.0010718828,-0.0009135403,-0.0007799811,-0.0006671028,-0.0005715187,-0.0004904264,-0.0004215015,-0.0003628118,-0.0003127469,-0.0002699607,-0.0002333250,-0.0002018897,-0.0001748500,-0.0001515180,-0.0001312969,-0.0001162632,-0.0000999661,-0.0000861975,-0.0000743962,-0.0000664804,-0.0000595679,-0.0000499858,-0.0000371097,-0.0000204461,0.0000000000
"yy dual",4.9846794384,3.8817700497,3.0363446205,2.3883614466,1.8904411989,1.5062358211,1.2081528493,0.9752467017,0.7914834360,0.6443617079,0.5241639169,0.4268180742,0.3483741386,0.2852254665,0.2343255927,0.1931941854,0.1598473254,0.1327102376,0.1105337141,0.0923952660,0.0775125248,0.0652458612,0.0550948829,0.0466639347,0.0396376650,0.0337631428,0.0288364483,0.0246924404,0.0211968492,0.0182401050,0.0157324885,0.0136002965,0.0117827944,0.0102297850,0.0088996602,0.0077578348,0.0067754825,0.0059285137,0.0051967442,0.0045632194,0.0040136608,0.0035360133,0.0031200713,0.0027571694,0.0024399249,0.0021620194,0.0019180112,0.0017031673,0.0015133063,0.0013446366,0.0012209557,0.0010763706,0.0009516637,0.0008422517,0.0007446979,0.0006560189,0.0005734787,0.0004944481,0.0004160877,0.0003351314
