
"This is the DICE-2013 Rocky Road model, version is DICE2013_032813.gms"
"Base Price Scenario"

"Period",1.0000000000,2.0000000000,3.0000000000,4.0000000000,5.0000000000,6.0000000000,7.0000000000,8.0000000000,9.0000000000,10.0000000000,11.0000000000,12.0000000000,13.0000000000,14.0000000000,15.0000000000,16.0000000000,17.0000000000,18.0000000000,19.0000000000,20.0000000000,21.0000000000,22.0000000000,23.0000000000,24.0000000000,25.0000000000,26.0000000000,27.0000000000,28.0000000000,29.0000000000,30.0000000000,31.0000000000,32.0000000000,33.0000000000,34.0000000000,35.0000000000,36.0000000000,37.0000000000,38.0000000000,39.0000000000,40.0000000000,41.0000000000,42.0000000000,43.0000000000,44.0000000000,45.0000000000,46.0000000000,47.0000000000,48.0000000000,49.0000000000,50.0000000000,51.0000000000,52.0000000000,53.0000000000,54.0000000000,55.0000000000,56.0000000000,57.0000000000,58.0000000000,59.0000000000,60.0000000000
"Year",2015.0000000000,2020.0000000000,2025.0000000000,2030.0000000000,2035.0000000000,2040.0000000000,2045.0000000000,2050.0000000000,2055.0000000000,2060.0000000000,2065.0000000000,2070.0000000000,2075.0000000000,2080.0000000000,2085.0000000000,2090.0000000000,2095.0000000000,2100.0000000000,2105.0000000000,2110.0000000000,2115.0000000000,2120.0000000000,2125.0000000000,2130.0000000000,2135.0000000000,2140.0000000000,2145.0000000000,2150.0000000000,2155.0000000000,2160.0000000000,2165.0000000000,2170.0000000000,2175.0000000000,2180.0000000000,2185.0000000000,2190.0000000000,2195.0000000000,2200.0000000000,2205.0000000000,2210.0000000000,2215.0000000000,2220.0000000000,2225.0000000000,2230.0000000000,2235.0000000000,2240.0000000000,2245.0000000000,2250.0000000000,2255.0000000000,2260.0000000000,2265.0000000000,2270.0000000000,2275.0000000000,2280.0000000000,2285.0000000000,2290.0000000000,2295.0000000000,2300.0000000000,2305.0000000000,2310.0000000000
"Industrial Emissions GTCO2 per year",33.5538267858,37.9701357368,42.5327257796,47.1863917744,51.8808798673,56.5704549821,61.2135012423,65.7721685238,70.2120635931,74.5019796791,78.6136576131,82.5215722108,86.2027383242,89.6365314057,92.8045178213,95.6902896624,98.2792978903,100.5586752637,102.5170356356,104.1442274079,105.4334237145,106.3785158702,106.9741607054,107.2157641422,107.0994264073,106.6218650095,105.7803249551,104.5724825636,102.9963465813,101.0501589598,98.7322968846,96.0411770301,92.9751629816,89.5324765289,85.7111137040,81.5087666934,76.9227528993,71.9499528580,66.5867582195,60.8290300321,54.6720626811,48.1105385398,41.1384327162,33.7487731171,25.9330461259,-27.7075003941,-27.4345927269,-27.1449792650,-26.8385693555,-26.5112687958,-26.1538738052,-26.0100841242,-25.8039369288,-25.5525515874,-25.2677703966,-24.9578876557,-20.5266398585,15.5396833513,57.1834404028,117.8572043095
"Atmospheric concentration C (ppm)",389.8591549296,406.6278735454,424.5800574237,443.8359483695,464.4550591837,486.4483887565,509.7883912254,534.4171032582,560.2527697504,587.1952477860,615.1304164410,643.9337765432,673.4733889628,703.6122710807,734.2103473839,765.1260307107,796.2174941875,827.3436795293,858.3650737267,889.1442713718,919.5463213847,949.4403803351,978.6995549699,1007.2008010886,1034.8248343774,1061.4560286269,1086.9822888611,1111.2948936855,1134.2883053956,1155.8599485841,1175.9099591803,1194.3409064954,1211.0574910780,1225.9662214050,1238.9750725218,1249.9931299546,1258.9302226002,1265.6965487602,1270.2023002087,1272.3572895319,1272.0705857085,1269.2501595352,1263.8025308632,1255.6323843844,1244.6420629911,1230.7307213951,1184.7302000174,1143.8971972950,1107.5939891592,1075.2643669624,1046.4258421181,1020.6636499533,997.4604321228,976.5359246514,957.6360750004,940.5326583529,925.0219683678,913.5497275615,925.9715899370,963.7261313440
"Atmospheric Temperature ",0.8000000000,0.9254555636,1.0595507473,1.2017434536,1.3515150876,1.5083122687,1.6715202127,1.8404572476,2.0143824498,2.1925104995,2.3740295842,2.5581195590,2.7439686360,2.9307876540,3.1178215278,3.3043578391,3.4897327527,3.6733345619,3.8546052143,4.0305901717,4.2011726661,4.3662397297,4.5256858525,4.6794150475,4.8273417353,4.9693907586,5.1054967596,5.2356030930,5.3596604070,5.4776249864,5.5894569282,5.6951181952,5.7945705776,5.8877735774,5.9746822166,6.0552447627,6.1294003514,6.1970764799,6.2581863332,6.3126258957,6.3602707881,6.4009727520,6.4345556814,6.4608110577,6.4794925747,6.4903095991,6.4798984503,6.4527744895,6.4127248893,6.3629095919,6.3059511973,6.2440154994,6.1787947675,6.1116755999,6.0437805980,5.9760062994,5.9090572273,5.8450230947,5.7974397972,5.7782433925
"Output Net Net) ",63.4728519038,75.6854430783,89.3193592969,104.3807612472,120.8713618353,138.7881013613,158.1228850130,178.8624329777,200.9882613078,224.4767941978,249.2995981331,275.4237219552,302.8121225550,331.4241519179,361.2160780529,392.1416059797,424.1523549987,457.1982281744,491.2275693936,526.2159434781,562.1259040310,598.9194433782,636.5588484457,675.0073433571,714.2295811019,754.1920281638,794.8632682971,836.2142463757,878.2184651374,920.8521441991,964.0943489997,1007.9270953088,1052.3354373330,1097.3075488790,1142.8348144092,1188.9119613397,1235.5372896179,1282.7131070154,1330.4465648498,1378.7512612951,1427.6502690898,1477.1817952401,1527.4096336973,1578.4422876431,1630.4675551054,1678.4552248179,1730.9084792061,1784.4921873957,1838.8796589909,1893.4590000961,1947.1914606602,2018.5492297686,2087.1668955860,2153.7972049938,2218.9360478103,2282.9043073004,2346.3665472908,2411.4570574743,2473.5064261626,2531.1361569632
"Climate Damages fraction output",0.0017088000,0.0022867696,0.0029974696,0.0038559802,0.0048770034,0.0060742658,0.0074599261,0.0090440453,0.0108341569,0.0128349631,0.0150481640,0.0174724151,0.0201034015,0.0229340084,0.0259545656,0.0291531445,0.0325158866,0.0360273428,0.0396708102,0.0433759045,0.0471251042,0.0509010118,0.0546864926,0.0584647902,0.0622196194,0.0659352348,0.0695964794,0.0731888111,0.0766983123,0.0801116826,0.0834162168,0.0865997713,0.0896507186,0.0925578935,0.0953105297,0.0978981910,0.1003106949,0.1025380309,0.1045702728,0.1063974860,0.1080096288,0.1093964473,0.1105473632,0.1114513523,0.1120968101,0.1124713969,0.1121108541,0.1111742573,0.1097985181,0.1080992713,0.1061726047,0.1040972379,0.1019339378,0.0997313850,0.0975278481,0.0953527789,0.0932282760,0.0912186676,0.0897395229,0.0891462182
"Consumption Per Capita ",6.8862295862,7.7819962469,8.7678627043,9.8439218440,11.0108039737,12.2693081330,13.6201568372,15.0638344775,16.6004841868,18.2298468197,19.9512311093,21.7635074168,23.6651197523,25.6541120703,27.7281663316,29.8846509541,32.1206802199,34.4331883713,36.8190274475,39.2758678367,41.8010876421,44.3918878313,47.0453775719,49.7586394576,52.5287803876,55.3529728279,58.2284884461,61.1527263197,64.1232368824,67.1377423639,70.1941544746,73.2905892888,76.4253794846,79.5970831107,82.8044869601,86.0466011418,89.3226370751,92.6319561311,95.9739625157,99.3478961468,102.7524395671,106.1849890729,109.6403149504,113.1081315429,116.5687269868,120.3021756142,124.1373522582,128.1023393729,132.2272807855,136.5615445860,137.5942850917,142.6304756171,147.4734772689,152.1764632089,156.7744486406,161.2900793307,165.7702800546,170.3658069338,174.7467447257,178.8156913365
"Carbon Price (per t CO2)",1.0000000000,1.1040808032,1.2189944200,1.3458683383,1.4859473960,1.6406059945,1.8113615841,1.9998895527,2.2080396636,2.4378542053,2.6915880291,2.9717306730,3.2810307884,3.6225231081,3.9995582228,4.4158354551,4.8754391561,5.3828787794,5.9431331263,6.5616991956,7.2446461183,7.9986747051,8.8311831930,9.7503398329,10.7651630342,11.8856098494,13.1226736690,14.4884920846,15.9964659780,17.6613910053,19.4996027668,21.5291370848,23.7699069648,26.2438979737,28.9753839539,31.9911651888,35.3208313570,38.9970518543,43.0558963337,47.5371886067,52.4848973787,57.9475676538,63.9787970386,70.6377616222,77.9897965881,152.8594849383,149.0379978148,145.3120478695,141.6792466727,138.1372655059,134.6838338683,131.3167380216,128.0338195710,124.8329740817,121.7121497297,118.6693459865,109.9855184333,63.4999113846,24.5956414729,0.0000000000
"Emissions Control Rate",0.0389763230,0.0417636818,0.0447503762,0.0479506616,0.0513798127,0.0550541966,0.0589913510,0.0632100676,0.0677304823,0.0725741705,0.0777642510,0.0833254958,0.0892844483,0.0956695502,0.1025112773,0.1098422848,0.1176975630,0.1261146049,0.1351335843,0.1447975485,0.1551526230,0.1662482318,0.1781373337,0.1908766747,0.2045270590,0.2191536389,0.2348262264,0.2516196257,0.2696139907,0.2888952076,0.3095553045,0.3316928907,0.3554136278,0.3808307333,0.4080655216,0.4372479828,0.4685174032,0.5020230297,0.5379247828,0.5763940194,0.6176143510,0.6617825199,0.7091093380,0.7598206936,0.8141586290,1.2000000000,1.2000000000,1.2000000000,1.2000000000,1.2000000000,1.2000000000,1.2000000000,1.2000000000,1.2000000000,1.2000000000,1.2000000000,1.1666881028,0.8720244392,0.5221503289,0.0000000000
"Social cost of carbon",15.4744072146,18.5907831123,22.1470575226,26.1534305553,30.6182998874,35.5479683572,40.9464618181,46.8154089788,53.1539574266,59.9587144092,67.2237106184,74.9403921801,83.0976525321,91.6819215041,100.6773387208,110.0660500862,119.8286857511,129.9451083552,140.3955664890,151.1667039983,162.2427211571,173.6056340839,185.2353765920,197.1097788011,209.2044398896,221.4925090954,233.9443742846,246.5272585573,259.2047188124,271.9360370407,284.6754943391,297.3715126266,309.9656508175,322.3914385991,334.5730298034,346.4236602042,357.8438801914,368.7195689118,378.9196670673,388.2936466898,396.6686654849,403.8464052872,409.5996139240,413.6685789954,415.7581993138,417.1302578994,414.3679540129,407.1509946699,395.1202669251,377.9325589205,347.3295174188,321.7582533397,289.0854276267,250.1472069562,206.1121635284,158.6273403394,109.9855899037,63.4998587202,24.5956497269,0.0000000000
"Interest Rate ",0.0516417103,0.0507244351,0.0496526897,0.0485153570,0.0473608705,0.0462152168,0.0450920304,0.0439982151,0.0429370571,0.0419099356,0.0409172528,0.0399589328,0.0390346812,0.0381441224,0.0372868758,0.0364626121,0.0356711263,0.0349124553,0.0341928970,0.0335082838,0.0328557976,0.0322334108,0.0316395621,0.0310729662,0.0305325073,0.0300171750,0.0295260294,0.0290581822,0.0286127853,0.0281890260,0.0277861228,0.0274033215,0.0270398892,0.0266951025,0.0263682255,0.0260584679,0.0257649114,0.0254863727,0.0252211674,0.0249666807,0.0247186202,0.0244696929,0.0242073140,0.0239096300,0.0243221318,0.0242794303,0.0242969305,0.0243717759,0.0245382448,0.0172200581,0.0256365832,0.0248764253,0.0242825554,0.0237999477,0.0233929728,0.0230968718,0.0230809867,0.0225010756,0.0217979723,0.0000000000
"Population",6838.0000000000,7242.4909902817,7612.0624490151,7947.3144083379,8249.5494073664,8520.5561633235,8762.4308785046,8977.4350979826,9167.8866567272,9336.0791290480,9484.2248989409,9614.4171827133,9728.6068217838,9828.5902665064,9916.0057923350,9992.3355707251,10058.9117304096,10116.9249798906,10167.4347198162,10211.3798609328,10249.5897887346,10282.7950896782,10311.6377853629,10336.6809188678,10358.4174087482,10377.2781370437,10393.6392729400,10407.8288573315,10420.1326885111,10430.7995579180,10440.0458890952,10448.0598341152,10455.0048807149,10461.0230210058,10466.2375294065,10470.7553937935,10474.6694400288,10478.0601862010,10480.9974592226,10483.5418029352,10485.7457036401,10487.6546559950,10489.3080895277,10490.7401735831,10491.9805163496,10493.0547716735,10493.9851656540,10494.7909534956,10495.4888157582,10496.0932019719,10496.6166285535,10497.0699370635,10497.4625180506,10497.8025050483,10498.0969426852,10498.3519323512,10498.5727584062,10498.7639975228,10498.9296134125,10499.0730388838
"TFP",3.8000000000,4.1259500543,4.4685308531,4.8277095371,5.2033977904,5.5954527831,6.0036784860,6.4278273286,6.8676021685,7.3226585392,7.7926071428,8.2770165520,8.7754160889,9.2872988433,9.8121248007,10.3493240464,10.8983000151,11.4584327581,12.0290822018,12.6095913712,13.1992895587,13.7974954153,14.4035199491,15.0166694135,15.6362480732,16.2615608355,16.8919157401,17.5266262975,18.1650136730,18.8064087124,19.4501538060,20.0956045925,20.7421315033,21.3891211469,22.0359775407,22.6821231902,23.3270000229,23.9700701809,24.6108166798,25.2487439383,25.8833781868,26.5142677614,27.1409832908,27.7631177825,28.3802866164,28.9921274535,29.5983000643,30.1984860876,30.7923887231,31.3797323660,31.9602621905,32.5337436862,33.0999621553,33.6587221748,34.2098470294,34.7531781198,35.2885743507,35.8159115034,36.3350815967,36.8459922389
"Output gross gross",63.5819868191,75.8595689775,89.5887663541,104.7859561587,121.4652394790,139.6382322586,159.3138369661,180.4980351998,203.1937164730,227.4005478275,253.1148845774,280.3297204419,309.0346736836,339.2160029050,370.8566424921,403.9362395142,438.4311609069,474.3144150813,511.5553851212,550.1191830709,589.9788149377,631.1038632286,673.4612098975,717.0155853472,761.7300024482,807.5661157114,854.4845274385,902.4450573902,951.4069841708,1001.3292630990,1052.1707237638,1103.8902485982,1156.4469367497,1209.8002595178,1263.9102222383,1318.7375641843,1374.2440563554,1430.3930166044,1487.1502597528,1544.4858959132,1602.3777187537,1660.8175485815,1719.8229722233,1779.4588551660,1839.8762793268,1901.3820828089,1959.3326425632,2017.2060565277,2074.8424294728,2131.7468389956,2186.9319444443,2261.2591135643,2331.9514064017,2399.9864671367,2466.0330786044,2530.5454232334,2593.8281331406,2656.1487788291,2717.9641047215,2778.8611163819
"Change tfp",0.0790000000,0.0766651972,0.0743993982,0.0722005636,0.0700667145,0.0679959301,0.0659863467,0.0640361554,0.0621436010,0.0603069801,0.0585246394,0.0567949749,0.0551164298,0.0534874931,0.0519066988,0.0503726240,0.0488838880,0.0474391507,0.0460371119,0.0446765097,0.0433561193,0.0420747523,0.0408312554,0.0396245095,0.0384534282,0.0373169577,0.0362140749,0.0351437872,0.0341051314,0.0330971724,0.0321190031,0.0311697431,0.0302485380,0.0293545586,0.0284870003,0.0276450822,0.0268280465,0.0260351579,0.0252657027,0.0245189884,0.0237943427,0.0230911136,0.0224086681,0.0217463919,0.0211036889,0.0204799806,0.0198747057,0.0192873194,0.0187172929,0.0181641133,0.0176272827,0.0171063177,0.0166007496,0.0161101233,0.0156339972,0.0151719428,0.0147235441,0.0142883976,0.0138661116,0.0134563061
"Capital",135.0000000000,161.6402199651,192.0689603549,226.3040046364,264.3703484080,306.2939992271,352.0974052475,401.7960076890,455.3957077272,512.8911306386,574.2645926230,639.4856757077,708.5113081037,781.2862277948,857.7436832914,937.8061680345,1021.3858903224,1108.3844941069,1198.6911829445,1292.1777134874,1388.7937061872,1488.4783104505,1591.1653433638,1696.7870008436,1805.2765777609,1916.5705057760,2030.6098850356,2147.3416509151,2266.7194548527,2388.7043129240,2513.2650638894,2640.3786632673,2770.0303625844,2902.2138378581,3036.9313993843,3174.1945489412,3314.0253807887,3456.4598108251,3601.5544312362,3749.4004139545,3900.1506454706,4054.0715414466,4211.6402054732,4373.7243806792,4541.9118500815,4719.1072420742,4867.1751701075,5015.0829967229,5161.7809338500,5303.4285854726,5432.1030470174,5722.1875270991,5985.6302731739,6229.8027977500,6460.0299955917,6680.0965513222,6892.6516690378,7100.1178888296,7306.6818983173,7508.7858597116
"s",0.2581389287,0.2553252592,0.2527765652,0.2505061185,0.2485054357,0.2467558241,0.2452345982,0.2439183897,0.2427848448,0.2418134221,0.2409856884,0.2402853386,0.2396980560,0.2392112804,0.2388138993,0.2384958490,0.2382475701,0.2380592004,0.2379192836,0.2378398815,0.2378148774,0.2378395939,0.2379103767,0.2380243206,0.2381790847,0.2383727575,0.2386037593,0.2388707649,0.2391726395,0.2395083860,0.2398770985,0.2402779271,0.2407100558,0.2411727052,0.2416651837,0.2421870228,0.2427382769,0.2433201109,0.2439359206,0.2445933857,0.2453081997,0.2461107369,0.2470578834,0.2482537823,0.2498858327,0.2479171924,0.2473920206,0.2466163305,0.2453068150,0.2429924811,0.2582781457,0.2582781457,0.2582781457,0.2582781457,0.2582781457,0.2582781457,0.2582781457,0.2582781457,0.2582781457,0.2582781457
"I",16.3848139930,19.3244053735,22.5778408473,26.1480193420,30.0371904391,34.2467723288,38.7772021729,43.6278366294,48.7969038366,54.2815017784,60.0776352820,66.1802822910,72.5834770945,79.2803957282,86.2634200976,93.5241452319,101.0532679461,108.8402446039,116.8725113741,125.1551376300,133.6819029768,142.4467571652,151.4439554482,160.6681643266,170.1145478748,179.7788334160,189.6573639801,199.7471366808,210.0458284056,220.5518108302,231.2641551383,242.1826331423,253.3077218111,264.6406300535,276.1833853837,287.9390483169,299.9121927446,312.1098955084,324.5437075708,337.2334390069,350.2143173605,363.5503001929,377.3585911499,391.8542681068,407.4307427439,416.1179069470,428.2129461052,440.0849150230,451.0897123687,460.0963003163,502.9169997732,521.3471520594,539.0695955487,556.2787483097,573.1026878451,589.6242912895,606.0152009559,622.8266572285,638.8526531148,653.7371531230
"Y gross net",63.4733379201,75.6860956243,89.3202267514,104.3819035900,120.8728530936,138.7900325267,158.1253675119,178.8656027946,200.9922838745,224.4818701837,249.3059702921,275.4316832125,302.8220255464,331.4364202283,361.2312194432,392.1602279366,424.1751829926,457.2261270702,491.2615685178,526.2572658993,562.1760017919,598.9800380166,636.6319784241,675.0954195443,714.3354516319,754.3190542184,795.0154126079,836.3961765338,878.4356741365,921.1110910341,964.4026225943,1008.2936055782,1052.7706378028,1097.8236959942,1143.4462695084,1189.6355422541,1236.3926800403,1283.7233332440,1331.6385513914,1380.1564793998,1429.3054961378,1479.1300091523,1529.7010774710,1581.1357593498,1633.6320173484,1687.5309839019,1739.6701865723,1792.9446713808,1847.0278053224,1901.3065590458,1954.7396835057,2025.8682856318,2094.2464168824,2160.6324928725,2225.5261792114,2289.2508848832,2352.0100079669,2413.8584262993,2474.0553027016,2531.1361569632
"damages",0.1086488991,0.1734733532,0.2685396026,0.4040525687,0.5923863854,0.8481997319,1.1884694542,1.6324324052,2.2014325985,2.9186776438,3.8089142853,4.8980372294,6.2126481372,7.7795826767,9.6254230489,11.7760115776,14.2559779143,17.0882880111,20.2938166034,23.8619171716,27.8028131458,32.1238252120,36.8292314733,41.9201658029,47.3945508163,53.2470614929,59.4691148305,66.0488808564,72.9713100343,80.2181720649,87.7681011695,95.5966430200,103.6762989469,111.9765635236,120.4639527299,129.1020219302,137.8513763151,146.6696833604,155.5117083614,164.3294165134,173.0722226159,181.6875394292,190.1218947522,198.3230958163,206.2442619785,213.8510989070,219.6624559909,224.2613851469,227.8146241504,230.4402799498,232.1922609386,235.3908279324,237.7049895193,239.3539742643,240.5068993929,241.2945383502,241.8181251737,242.2903525298,243.9088020199,247.7249594187
"abatement",0.0004860163,0.0006525460,0.0008674545,0.0011423428,0.0014912584,0.0019311654,0.0024824989,0.0031698169,0.0040225668,0.0050759859,0.0063721589,0.0079612574,0.0099029914,0.0122683103,0.0151413903,0.0186219569,0.0228279938,0.0278988958,0.0339991242,0.0413224212,0.0500977610,0.0605946383,0.0731299784,0.0880761872,0.1058705300,0.1270260546,0.1521443109,0.1819301580,0.2172089991,0.2589468350,0.3082735945,0.3665102694,0.4352004698,0.5161471152,0.6114550992,0.7235809144,0.8553904224,1.0102262287,1.1919865416,1.4052181047,1.6552270480,1.9482139123,2.2914437737,2.6934717067,3.1644622430,9.0757590839,8.7617073662,8.4524839851,8.1481463315,7.8475589497,7.5482228456,7.3190558632,7.0795212964,6.8352878786,6.5901314011,6.3465775828,5.6434606761,2.4013688250,0.5488765390,0.0000000000
"sigma",0.5491283629,0.5223470566,0.4969958753,0.4729924767,0.4502595776,0.4287246247,0.4083194879,0.3889801750,0.3706465648,0.3532621594,0.3367738526,0.3211317140,0.3062887878,0.2922009045,0.2788265058,0.2661264807,0.2540640126,0.2426044365,0.2317151053,0.2213652652,0.2115259393,0.2021698181,0.1932711580,0.1848056856,0.1767505086,0.1690840321,0.1617858808,0.1548368251,0.1482187134,0.1419144071,0.1359077209,0.1301833659,0.1247268972,0.1195246643,0.1145637642,0.1098319980,0.1053178301,0.1010103495,0.0968992340,0.0929747163,0.0892275518,0.0856489896,0.0822307434,0.0789649659,0.0758442239,0.0728614744,0.0700100435,0.0672836054,0.0646761628,0.0621820291,0.0597958109,0.0575123920,0.0553269182,0.0532347826,0.0512316129,0.0493132576,0.0474757750,0.0457154213,0.0440286402,0.0424120528
"Forcings",2.1423630968,2.3982362740,2.6600807617,2.9282424337,3.2021898759,3.4808312811,3.7627560264,4.0464131303,4.3302375756,4.6127347576,4.8925324429,5.1684084864,5.4393012239,5.7043080929,5.9626767443,6.2137917912,6.4571594129,6.6923913007,6.9191888716,7.1123282523,7.2966462004,7.4720358039,7.6384326122,7.7958034825,7.9441374196,8.0834379178,8.2137164543,8.3349868735,8.4472604546,8.5505414955,8.6448232701,8.7300842321,8.8062843522,8.8733614793,8.9312276210,8.9797650369,9.0188220327,9.0482083332,9.0676899005,9.0769830349,9.0757475670,9.0635788844,9.0399984352,9.0044421523,8.9562458590,8.8946259423,8.6857908967,8.4935065350,8.3166990989,8.1542957565,8.0052546906,7.8685969756,7.7425281749,7.6262994976,7.5191561499,7.4203581973,7.3291946353,7.2607780409,7.3348197817,7.5539098983
"Other Forcings",0.2500000000,0.2750000000,0.3000000000,0.3250000000,0.3500000000,0.3750000000,0.4000000000,0.4250000000,0.4500000000,0.4750000000,0.5000000000,0.5250000000,0.5500000000,0.5750000000,0.6000000000,0.6250000000,0.6500000000,0.6750000000,0.7000000000,0.7000000000,0.7000000000,0.7000000000,0.7000000000,0.7000000000,0.7000000000,0.7000000000,0.7000000000,0.7000000000,0.7000000000,0.7000000000,0.7000000000,0.7000000000,0.7000000000,0.7000000000,0.7000000000,0.7000000000,0.7000000000,0.7000000000,0.7000000000,0.7000000000,0.7000000000,0.7000000000,0.7000000000,0.7000000000,0.7000000000,0.7000000000,0.7000000000,0.7000000000,0.7000000000,0.7000000000,0.7000000000,0.7000000000,0.7000000000,0.7000000000,0.7000000000,0.7000000000,0.7000000000,0.7000000000,0.7000000000,0.7000000000
"Period utilty",0.2896213611,0.3395559569,0.3856849364,0.4281466877,0.4671840263,0.5030739305,0.5360935987,0.5665051434,0.5945496574,0.6204458561,0.6443908444,0.6665617717,0.6871177652,0.7062018570,0.7239427813,0.7404566052,0.7558481952,0.7702125491,0.7836360395,0.7962013465,0.8079812291,0.8190404776,0.8294372578,0.8392240842,0.8484485621,0.8571539768,0.8653797793,0.8731619962,0.8805335827,0.8875247316,0.8941631442,0.9004742710,0.9064815244,0.9122064657,0.9176689680,0.9228873518,0.9278784883,0.9326578601,0.9372395565,0.9416361675,0.9458585070,0.9499150507,0.9538108807,0.9575457951,0.9611109853,0.9647891026,0.9683989895,0.9719648910,0.9755086701,0.9790635870,0.9798865722,0.9837751812,0.9873313060,0.9906261885,0.9937078029,0.9966092634,0.9993738407,1.0020992387,1.0045999233,1.0068424296
"Consumption",47.0880379108,56.3610377048,66.7415184496,78.2327419051,90.8341713961,104.5413290326,119.3456828401,135.2345963483,152.1913574712,170.1952924194,189.2219628512,209.2434396642,230.2286454604,252.1437561898,274.9526579553,298.6174607477,323.0990870526,348.3579835705,374.3550580195,401.0608058481,428.4440010541,456.4726862131,485.1148929976,514.3391790305,544.1150332271,574.4131947478,605.2059043170,636.4671096950,668.1726367318,700.3003333689,732.8301938615,765.7444621665,799.0277155219,832.6669188255,866.6514290255,900.9729130228,935.6250968733,970.6032115070,1005.9028572790,1041.5178222882,1077.4359517292,1113.6314950472,1150.0510425475,1186.5880195363,1223.0368123615,1262.3373178709,1302.6955331009,1344.4072723727,1387.7899466222,1433.3626997797,1444.2744608870,1497.2020777092,1548.0973000373,1597.5184566842,1645.8333599653,1693.2800160109,1740.3513463349,1788.6304002458,1834.6537730477,1877.3990038403
"Objective",2668.2118865871
"Land emissions",3.3000000000,2.6400000000,2.1120000000,1.6896000000,1.3516800000,1.0813440000,0.8650752000,0.6920601600,0.5536481280,0.4429185024,0.3543348019,0.2834678415,0.2267742732,0.1814194186,0.1451355349,0.1161084279,0.0928867423,0.0743093939,0.0594475151,0.0475580121,0.0380464097,0.0304371277,0.0243497022,0.0194797617,0.0155838094,0.0124670475,0.0099736380,0.0079789104,0.0063831283,0.0051065027,0.0040852021,0.0032681617,0.0026145294,0.0020916235,0.0016732988,0.0013386390,0.0010709112,0.0008567290,0.0006853832,0.0005483065,0.0004386452,0.0003509162,0.0002807330,0.0002245864,0.0001796691,0.0001437353,0.0001149882,0.0000919906,0.0000735925,0.0000588740,0.0000470992,0.0000376793,0.0000301435,0.0000241148,0.0000192918,0.0000154335,0.0000123468,0.0000098774,0.0000079019,0.0000063215
"Cumulative ind emissions",90.0000000000,135.7635389877,187.5504126058,245.5601313451,309.9169122703,380.6764320021,457.8319898064,541.3201257070,631.0257565359,726.7868907328,828.3989743104,935.6189110441,1048.1687913098,1165.7393564001,1287.9932181100,1414.5678468898,1545.0783347000,1679.1199302951,1816.2703330005,1956.0917127545,2098.1323938891,2241.9313896808,2387.0193818661,2532.9197647157,2679.1496667101,2825.2208974893,2970.6407897553,3114.9129187175,3257.5376903536,3398.0127948016,3535.8335244250,3670.4929582556,3801.4820158526,3928.2893848945,4050.4013277872,4167.3013737555,4278.4699044340,4383.3836427035,4481.5150568580,4572.3316938185,4655.2954554554,4729.8618257243,4795.4790359531,4851.5871002142,4897.6165234507,4932.9861990180,4895.1963730578,4857.7787615917,4820.7561493918,4784.1514448699,4747.9931404567,4712.3222814751,4676.8475349883,4641.6539494335,4606.8032244097,4572.3409079932,4538.3012357950,4510.3052730856,4531.4996038974,4609.4912029193
"Total Emissions GTCO2 per year",36.8538267858,40.6101357368,44.6447257796,48.8759917744,53.2325598673,57.6517989821,62.0785764423,66.4642286838,70.7657117211,74.9448981815,78.9679924151,82.8050400524,86.4295125974,89.8179508243,92.9496533562,95.8063980903,98.3721846326,100.6329846575,102.5764831507,104.1917854199,105.4714701241,106.4089529979,106.9985104076,107.2352439040,107.1150102167,106.6343320570,105.7902985931,104.5804614740,103.0027297096,101.0552654625,98.7363820868,96.0444451918,92.9777775109,89.5345681524,85.7127870028,81.5101053325,76.9238238105,71.9508095870,66.5874436027,60.8295783387,54.6725013264,48.1108894560,41.1387134492,33.7489977034,25.9332257950,-27.7073566588,-27.4344777387,-27.1448872744,-26.8384957630,-26.5112099218,-26.1538267061,-26.0100464448,-25.8039067853,-25.5525274726,-25.2677511048,-24.9578722223,-20.5266275118,15.5396932287,57.1834483048,117.8572106311
"Atmospheric concentrations upper",1527.0000000000,1541.1078616667,1557.7829918389,1577.1424123785,1599.3209075606,1624.4589159077,1652.6932059987,1684.1498015976,1718.9387190165,1757.1501612577,1798.8518804497,1844.0874745290,1892.8754281857,1945.2087437000,2001.0550360238,2060.3569895776,2123.0330927651,2188.9785808887,2258.0665295420,2330.1490489235,2405.0585347709,2482.6089331945,2562.5972637504,2644.8050507964,2728.9996774379,2814.9356674682,2902.3558958775,2990.9927261477,3080.5690715521,3170.7993775216,3261.3905223962,3352.0426343527,3442.4498228716,3532.3008237004,3621.2795568765,3709.0655979788,3795.3345633890,3879.7584110085,3962.0056585976,4041.7415227335,4118.6279822393,4192.3237707143,4262.4843029052,4328.7615379591,4390.8037762393,4448.2553694699,4500.7562840665,4542.4939024934,4574.8763212924,4599.1346018926,4616.3452791984,4627.4504898664,4633.2761547165,4634.5174943354,4631.7888070884,4625.6316867441,4616.5228325895,4604.8812952017,4591.5674395278,4581.1282444228
"Atmospheric concentrations lower",10010.0000000000,10010.4391250000,10010.9133714495,10011.4291456662,10011.9931443605,10012.6123989432,10013.2942895483,10014.0465357406,10014.8771695388,10015.7944952916,10016.8070400526,10017.9234973777,10019.1526668836,10020.5033914290,10021.9844933937,10023.6047112172,10025.3726371011,10027.2966565680,10029.3848903986,10031.6451393220,10034.0848317098,10036.7109744160,10039.5301067951,10042.5482585434,10045.7709111332,10049.2029626443,10052.8486958130,10056.7117491179,10060.7950907179,10065.1009950537,10069.6310219117,10074.3859977478,10079.3659990594,10084.5703375919,10089.9975471622,10095.6453718822,10101.5107555642,10107.5898320927,10113.8779165518,10120.3694969015,10127.0582260031,10133.9369138075,10140.9975195258,10148.2311436203,10155.6280194542,10163.1775044382,10170.8680704541,10178.6872931905,10186.6082209853,10194.6074315140,10202.6645880106,10210.7620519101,10218.8845459422,10227.0188627948,10235.1535376644,10243.2786453632,10251.3856180372,10259.4670824726,10267.5167155703,10275.5303472776
"eeq dual",-0.0773720356,-0.0722651106,-0.0672206737,-0.0622999037,-0.0575527137,-0.0530173230,-0.0487207796,-0.0446800850,-0.0409036433,-0.0373928189,-0.0341434560,-0.0311472654,-0.0283930318,-0.0258676218,-0.0235567989,-0.0214458623,-0.0195201309,-0.0177652990,-0.0161676877,-0.0147144119,-0.0133931328,-0.0121922066,-0.0111007640,-0.0101087432,-0.0092068886,-0.0083867280,-0.0076405353,-0.0069612859,-0.0063426066,-0.0057787253,-0.0052644202,-0.0047949720,-0.0043661179,-0.0039740089,-0.0036151707,-0.0032864682,-0.0029850729,-0.0027084345,-0.0024542558,-0.0022204712,-0.0020052292,-0.0018068795,-0.0016239660,-0.0014552264,-0.0012996031,-0.0011562688,-0.0010187814,-0.0008878120,-0.0007638477,-0.0006472185,-0.0005381071,-0.0004376317,-0.0003460551,-0.0002637461,-0.0001911858,-0.0001289661,-0.0000777754,-0.0000384910,-0.0000124924,0.0000000000
"yy dual",4.9999999667,3.8871472051,3.0351966004,2.3820929959,1.8796835193,1.4914304670,1.1898654348,0.9543884372,0.7695314758,0.6236427732,0.5079079339,0.4156272010,0.3416827188,0.2821452838,0.2339831308,0.1948453889,0.1629003171,0.1367138729,0.1151581071,0.0973389740,0.0825499766,0.0702293253,0.0599278830,0.0512848387,0.0440090499,0.0378646123,0.0326596241,0.0282373883,0.0244694876,0.0212503107,0.0184927059,0.0161245170,0.0140858120,0.0123266575,0.0108053261,0.0094868468,0.0083418301,0.0073455132,0.0064769818,0.0057185360,0.0050551741,0.0044741751,0.0039647646,0.0035178558,0.0031258627,0.0027719610,0.0024586395,0.0021805473,0.0019332031,0.0017125238,0.0015723964,0.0013854617,0.0012252847,0.0010867712,0.0009661902,0.0008606973,0.0007678328,0.0006850411,0.0006129114,0.0005502658
