
"This is the DICE-2013 Rocky Road model, version is DICE2013_032813.gms"
"Optimal Price Scenario"

"Period",1.0000000000,2.0000000000,3.0000000000,4.0000000000,5.0000000000,6.0000000000,7.0000000000,8.0000000000,9.0000000000,10.0000000000,11.0000000000,12.0000000000,13.0000000000,14.0000000000,15.0000000000,16.0000000000,17.0000000000,18.0000000000,19.0000000000,20.0000000000,21.0000000000,22.0000000000,23.0000000000,24.0000000000,25.0000000000,26.0000000000,27.0000000000,28.0000000000,29.0000000000,30.0000000000,31.0000000000,32.0000000000,33.0000000000,34.0000000000,35.0000000000,36.0000000000,37.0000000000,38.0000000000,39.0000000000,40.0000000000,41.0000000000,42.0000000000,43.0000000000,44.0000000000,45.0000000000,46.0000000000,47.0000000000,48.0000000000,49.0000000000,50.0000000000,51.0000000000,52.0000000000,53.0000000000,54.0000000000,55.0000000000,56.0000000000,57.0000000000,58.0000000000,59.0000000000,60.0000000000
"Year",2015.0000000000,2020.0000000000,2025.0000000000,2030.0000000000,2035.0000000000,2040.0000000000,2045.0000000000,2050.0000000000,2055.0000000000,2060.0000000000,2065.0000000000,2070.0000000000,2075.0000000000,2080.0000000000,2085.0000000000,2090.0000000000,2095.0000000000,2100.0000000000,2105.0000000000,2110.0000000000,2115.0000000000,2120.0000000000,2125.0000000000,2130.0000000000,2135.0000000000,2140.0000000000,2145.0000000000,2150.0000000000,2155.0000000000,2160.0000000000,2165.0000000000,2170.0000000000,2175.0000000000,2180.0000000000,2185.0000000000,2190.0000000000,2195.0000000000,2200.0000000000,2205.0000000000,2210.0000000000,2215.0000000000,2220.0000000000,2225.0000000000,2230.0000000000,2235.0000000000,2240.0000000000,2245.0000000000,2250.0000000000,2255.0000000000,2260.0000000000,2265.0000000000,2270.0000000000,2275.0000000000,2280.0000000000,2285.0000000000,2290.0000000000,2295.0000000000,2300.0000000000,2305.0000000000,2310.0000000000
"Industrial Emissions GTCO2 per year",34.7378553449,39.4719462104,44.3749326203,49.3976652440,54.4942180902,59.6218708080,64.7410188794,69.8150356901,74.8101037924,79.6950282996,84.4410413637,89.0216084598,93.4122396385,97.5903120942,101.5349068724,105.2266599539,108.6476290266,111.7811760887,114.6118631727,117.1253612921,119.3083716978,121.1485538351,122.6344649026,123.7555042105,124.5018626825,124.8644771369,124.8349872974,124.4056959490,123.5695299868,122.3200020285,120.6511757644,118.5576255691,116.0344046581,113.0770062855,109.6813258621,105.8436256231,101.5604927665,96.8287974807,91.6456422711,86.0083018548,79.9141379868,73.3604813055,66.3444379740,58.8625708905,50.9103629159,42.4812628758,33.5650132662,24.1446591658,14.1911648994,3.6535879157,0.0000000000,0.0000000000,0.0000000000,0.0000000000,0.0000000000,0.0000000000,0.0000000000,0.0000000000,0.0000000000,122.9724771082
"Atmospheric concentration C (ppm)",389.8591549296,407.3860322369,426.2331393666,446.5257205831,468.3320854845,491.6743860563,516.5375526539,542.8766847169,570.6231462672,599.6895769754,629.9739964124,661.3631507044,693.7352296009,726.9620606593,760.9108721931,795.4457025272,830.4285201213,865.7201092079,901.1807668051,936.6708479386,972.0511901317,1007.1834428317,1041.9303199445,1076.1557938864,1109.7252425471,1142.5055589653,1174.3652317791,1205.1744019859,1234.8049009274,1263.1302722314,1290.0257797450,1315.3684051586,1339.0368324712,1360.9114257352,1380.8741959207,1398.8087580887,1414.6002809386,1428.1354247483,1439.3022681576,1447.9902186592,1454.0899016176,1457.4930130339,1458.0921174480,1455.7803468712,1450.4509282003,1441.9964133831,1430.3073695630,1415.2701140722,1396.7627294542,1374.6479705993,1348.7604797123,1323.7236913598,1301.6777163980,1282.2428187816,1265.0875259123,1249.9224943939,1236.4951554430,1224.5850408615,1213.9997030731,1204.5711537194
"Atmospheric Temperature ",0.8000000000,0.9264563528,1.0625021234,1.2075367155,1.3609814462,1.5222245402,1.6905962254,1.8653640548,2.0457408335,2.2308994727,2.4199907226,2.6121610588,2.8065690329,3.0023991624,3.1988729789,3.3952572134,3.5908693203,3.7850806614,3.9773177224,4.1646117378,4.3468328205,4.5238551444,4.6955602152,4.8618388108,5.0225918967,5.1777307630,5.3271765817,5.4708595420,5.6087176837,5.7406955229,5.8667425371,5.9868115603,6.1008571182,6.2088337265,6.3106941582,6.4063876811,6.4958582560,6.5790426799,6.6558686515,6.7262527260,6.7900981189,6.8472923048,6.8977043405,6.9411818131,6.9775472750,7.0065939586,7.0280804491,7.0417237939,7.0471901710,7.0440815843,7.0319158098,7.0120625057,6.9865983585,6.9572117167,6.9252634076,6.8918393042,6.8577955946,6.8237976154,6.7903530288,6.7578400503
"Output Net Net) ",63.5819852157,76.0164662676,89.9065360169,105.2803577528,122.1627975300,140.5756266265,160.5376506548,182.0647797340,205.1700479006,229.8635887771,256.1525752590,284.0411320284,313.5302303308,344.6175744898,377.2974890676,411.5608146579,447.3948190393,484.7831291159,523.7056876785,564.1387378192,606.0548365009,649.4228979758,694.2082666416,740.3728183531,787.8750885055,836.6704248163,886.7111622773,937.9468175839,990.3243002715,1043.7881370860,1098.2807069741,1153.7424831353,1210.1122780940,1267.3274882361,1325.3243319181,1384.0380733635,1443.4032201092,1503.3536735934,1563.8227968989,1624.7433355576,1686.0470772174,1747.6640401046,1809.5208140332,1871.5373660068,1933.6210651220,1995.6556583174,2057.4810586105,2118.8563353470,2179.3917187705,2238.4225144753,2295.5410177430,2372.6487832168,2445.4791853952,2515.1226369007,2582.3431218298,2647.6758664632,2711.4946394146,2774.0587794742,2835.5463803083,2899.4700580505
"Climate Damages fraction output",0.0000000000,0.0000000000,0.0000000000,0.0000000000,0.0000000000,0.0000000000,0.0000000000,0.0000000000,0.0000000000,0.0000000000,0.0000000000,0.0000000000,0.0000000000,0.0000000000,0.0000000000,0.0000000000,0.0000000000,0.0000000000,0.0000000000,0.0000000000,0.0000000000,0.0000000000,0.0000000000,0.0000000000,0.0000000000,0.0000000000,0.0000000000,0.0000000000,0.0000000000,0.0000000000,0.0000000000,0.0000000000,0.0000000000,0.0000000000,0.0000000000,0.0000000000,0.0000000000,0.0000000000,0.0000000000,0.0000000000,0.0000000000,0.0000000000,0.0000000000,0.0000000000,0.0000000000,0.0000000000,0.0000000000,0.0000000000,0.0000000000,0.0000000000,0.0000000000,0.0000000000,0.0000000000,0.0000000000,0.0000000000,0.0000000000,0.0000000000,0.0000000000,0.0000000000,0.0000000000
"Consumption Per Capita ",6.8695163846,7.7829467003,8.7863476879,9.8820822746,11.0728150035,12.3613102886,13.7502933403,15.2423526080,16.8398701874,18.5449714452,20.3594881944,22.2849317375,24.3224733701,26.4729307661,28.7367591776,31.1140467296,33.6045132783,36.2075124448,38.9220364857,41.7467237457,44.6798683924,47.7194322217,50.8630582580,54.1080859191,57.4515674893,60.8902856692,64.4207719430,68.0393255066,71.7420326228,75.5247860147,79.3833042305,83.3131508658,87.3097533110,91.3684212489,95.4843649938,99.6527141526,103.8685377043,108.1268676766,112.4227305348,116.7511936566,121.1074414137,125.4869057516,129.8854986296,134.3000306964,138.7289706690,143.1738260492,147.6416582078,152.1496786513,156.7337032229,161.4639032490,162.2096910428,167.6511127060,172.7908390181,177.7058984629,182.4502420993,187.0616517645,191.5664993866,195.9830721356,200.3239184004,204.8371603848
"Carbon Price (per t CO2)",0.0253914361,0.0327818488,0.0421043447,0.0537855080,0.0683343940,0.0863552883,0.1085620293,0.1357942005,0.1690352324,0.2094325446,0.2583202192,0.3172437499,0.3879878232,0.4726068765,0.5734586491,0.6932413087,0.8350341867,1.0023422310,1.1991449807,1.4299499878,1.6998507830,2.0145911097,2.3806336898,2.8052356928,3.2965308674,3.8636185229,4.5166602739,5.2669845979,6.1272004510,7.1113205450,8.2348932196,9.5151480824,10.9711489074,12.6239622517,14.4968387747,16.6154067523,19.0078840480,21.7053058763,24.7417752230,28.1547388697,31.9853047025,36.2786149764,41.0843268737,46.4572811210,52.4585187569,59.1569956901,66.6326343381,74.9820437997,84.3295763929,94.8492919287,97.0039072053,94.5788095251,92.2143392870,89.9089808048,87.6612562847,85.4697248776,83.3329817557,81.2496572118,79.2184157815,0.0000000000
"Emissions Control Rate",0.0050642602,0.0059191770,0.0068985074,0.0080156833,0.0092856534,0.0107248940,0.0123514423,0.0141849575,0.0162467951,0.0185600911,0.0211498683,0.0240431316,0.0272689890,0.0308587735,0.0348461679,0.0392673443,0.0441611098,0.0495690530,0.0555357084,0.0621087252,0.0693390364,0.0772810614,0.0859928908,0.0955364956,0.1059779502,0.1173876604,0.1298406084,0.1434166040,0.1582005553,0.1742827567,0.1917591711,0.2107317688,0.2313088251,0.2536052808,0.2777431111,0.3038516917,0.3320682203,0.3625381506,0.3954156908,0.4308643708,0.4690577818,0.5101805477,0.5544298403,0.6020178567,0.6531760804,0.7081631299,0.7672792526,0.8308937580,0.8994974925,0.9738048519,1.0000000000,1.0000000000,1.0000000000,1.0000000000,1.0000000000,1.0000000000,1.0000000000,1.0000000000,1.0000000000,0.0000000000
"Social cost of carbon",0.0000000000,0.0000000000,0.0000000000,0.0000000000,0.0000000000,0.0000000000,0.0000000000,0.0000000000,0.0000000000,0.0000000000,0.0000000000,0.0000000000,0.0000000000,0.0000000000,0.0000000000,0.0000000000,0.0000000000,0.0000000000,0.0000000000,0.0000000000,0.0000000000,0.0000000000,0.0000000000,0.0000000000,0.0000000000,0.0000000000,0.0000000000,0.0000000000,0.0000000000,0.0000000000,0.0000000000,0.0000000000,0.0000000000,0.0000000000,0.0000000000,0.0000000000,0.0000000000,0.0000000000,0.0000000000,0.0000000000,0.0000000000,0.0000000000,0.0000000000,0.0000000000,0.0000000000,0.0000000000,0.0000000000,0.0000000000,0.0000000000,0.0000000000,0.0000000000,0.0000000000,0.0000000000,0.0000000000,0.0000000000,0.0000000000,0.0000000000,0.0000000000,0.0000000000,0.0000000000
"Interest Rate ",0.0524203353,0.0513291291,0.0501894849,0.0490466955,0.0479243135,0.0468339630,0.0457807758,0.0447663960,0.0437906370,0.0428523919,0.0419501302,0.0410821649,0.0402467930,0.0394423660,0.0386673225,0.0379201996,0.0371996348,0.0365043608,0.0358331998,0.0351850552,0.0345589048,0.0339537931,0.0333688254,0.0328031612,0.0322560091,0.0317266222,0.0312142934,0.0307183519,0.0302381595,0.0297731076,0.0293226150,0.0288861252,0.0284631052,0.0280530452,0.0276554595,0.0272698907,0.0268959182,0.0265331752,0.0261813804,0.0258403965,0.0255103336,0.0251917350,0.0248859077,0.0245955075,0.0243255785,0.0240853996,0.0238917851,0.0237750359,0.0237898682,0.0163573537,0.0247587582,0.0239274395,0.0232896227,0.0227851092,0.0223738562,0.0220287993,0.0217314265,0.0214689586,0.0215792542,0.0000000000
"Population",6838.0000000000,7242.4909902817,7612.0624490151,7947.3144083379,8249.5494073664,8520.5561633235,8762.4308785046,8977.4350979826,9167.8866567272,9336.0791290480,9484.2248989409,9614.4171827133,9728.6068217838,9828.5902665064,9916.0057923350,9992.3355707251,10058.9117304096,10116.9249798906,10167.4347198162,10211.3798609328,10249.5897887346,10282.7950896782,10311.6377853629,10336.6809188678,10358.4174087482,10377.2781370437,10393.6392729400,10407.8288573315,10420.1326885111,10430.7995579180,10440.0458890952,10448.0598341152,10455.0048807149,10461.0230210058,10466.2375294065,10470.7553937935,10474.6694400288,10478.0601862010,10480.9974592226,10483.5418029352,10485.7457036401,10487.6546559950,10489.3080895277,10490.7401735831,10491.9805163496,10493.0547716735,10493.9851656540,10494.7909534956,10495.4888157582,10496.0932019719,10496.6166285535,10497.0699370635,10497.4625180506,10497.8025050483,10498.0969426852,10498.3519323512,10498.5727584062,10498.7639975228,10498.9296134125,10499.0730388838
"TFP",3.8000000000,4.1259500543,4.4685308531,4.8277095371,5.2033977904,5.5954527831,6.0036784860,6.4278273286,6.8676021685,7.3226585392,7.7926071428,8.2770165520,8.7754160889,9.2872988433,9.8121248007,10.3493240464,10.8983000151,11.4584327581,12.0290822018,12.6095913712,13.1992895587,13.7974954153,14.4035199491,15.0166694135,15.6362480732,16.2615608355,16.8919157401,17.5266262975,18.1650136730,18.8064087124,19.4501538060,20.0956045925,20.7421315033,21.3891211469,22.0359775407,22.6821231902,23.3270000229,23.9700701809,24.6108166798,25.2487439383,25.8833781868,26.5142677614,27.1409832908,27.7631177825,28.3802866164,28.9921274535,29.5983000643,30.1984860876,30.7923887231,31.3797323660,31.9602621905,32.5337436862,33.0999621553,33.6587221748,34.2098470294,34.7531781198,35.2885743507,35.8159115034,36.3350815967,36.8459922389
"Output gross gross",63.5819868191,76.0164690193,89.9065406521,105.2803654203,122.1628099951,140.5756465613,160.5376820465,182.0648284537,205.1701224872,229.8637015056,256.1527435828,284.0413805081,313.5305931916,344.6180989836,377.2982398567,411.5618794901,447.3963160391,484.7852160884,523.7085739023,564.1426989016,606.0602329737,649.4301984448,694.2180764395,740.3859148187,787.8924642031,836.6933402226,886.7412097151,937.9859984529,990.3751179499,1043.8537082314,1098.3648943276,1153.8500534410,1210.2490891403,1267.5007096952,1325.5427052359,1384.3122166031,1443.7459845409,1503.7805596150,1564.3524379906,1625.3980601498,1686.8535601217,1748.6540572285,1810.7321180645,1873.0147070765,1935.4173921952,1997.8335619054,2060.1145634889,2122.0332546218,2183.2169966919,2243.0234558623,2300.3062889504,2377.2670094754,2449.9432753396,2519.4293179301,2586.4916952039,2651.6673745396,2715.3313035238,2777.7436174010,2839.0829439274,2899.4700580505
"Change tfp",0.0790000000,0.0766651972,0.0743993982,0.0722005636,0.0700667145,0.0679959301,0.0659863467,0.0640361554,0.0621436010,0.0603069801,0.0585246394,0.0567949749,0.0551164298,0.0534874931,0.0519066988,0.0503726240,0.0488838880,0.0474391507,0.0460371119,0.0446765097,0.0433561193,0.0420747523,0.0408312554,0.0396245095,0.0384534282,0.0373169577,0.0362140749,0.0351437872,0.0341051314,0.0330971724,0.0321190031,0.0311697431,0.0302485380,0.0293545586,0.0284870003,0.0276450822,0.0268280465,0.0260351579,0.0252657027,0.0245189884,0.0237943427,0.0230911136,0.0224086681,0.0217463919,0.0211036889,0.0204799806,0.0198747057,0.0192873194,0.0187172929,0.0181641133,0.0176272827,0.0171063177,0.0166007496,0.0161101233,0.0156339972,0.0151719428,0.0147235441,0.0142883976,0.0138661116,0.0134563061
"Capital",135.0000000000,162.7573108886,194.3492890701,229.8828552921,269.4652417610,313.2018460088,361.1944983510,413.5400178399,470.3289874111,531.6446973186,597.5622169137,668.1475654463,743.4569630000,823.5361519807,908.4197865662,998.1308928184,1092.6804047643,1192.0667833583,1296.2757249203,1405.2799655478,1519.0391853666,1637.5000168890,1760.5961581917,1888.2485915973,2020.3659062362,2156.8447222933,2297.5702129812,2442.4167201502,2591.2484597959,2743.9203080173,2900.2786652438,3060.1623889364,3223.4037786447,3389.8296027173,3559.2621328984,3731.5201345980,3906.4197200008,4083.7748926491,4263.3974680229,4445.0957899149,4628.6711945660,4813.9102723515,5000.5694203828,5188.3452497697,5376.8191798709,5565.3549965724,5752.9107704895,5937.6947185929,6116.5356756832,6283.7275988460,6428.8899959395,6760.6356408539,7056.1043801458,7324.6282221347,7573.1257731641,7806.6690030725,8028.9440455867,8242.6102071330,8449.5726892727,8651.1864829848
"s",0.2612097141,0.2584774836,0.2560916007,0.2540297495,0.2522622574,0.2507574670,0.2494845012,0.2484145946,0.2475216399,0.2467823122,0.2461759767,0.2456844927,0.2452919768,0.2449845599,0.2447501542,0.2445782377,0.2444596620,0.2443864790,0.2443517906,0.2443496155,0.2443747739,0.2444227870,0.2444897899,0.2445724567,0.2446679359,0.2447737944,0.2448879706,0.2450087338,0.2451346503,0.2452645546,0.2453975257,0.2455328655,0.2456700808,0.2458088640,0.2459490705,0.2460906862,0.2462337741,0.2463783824,0.2465243790,0.2466711557,0.2468170962,0.2469586252,0.2470885104,0.2471928411,0.2472456555,0.2471993892,0.2469678568,0.2463957823,0.2452036891,0.2428863781,0.2582781457,0.2582781457,0.2582781457,0.2582781457,0.2582781457,0.2582781457,0.2582781457,0.2582781457,0.2582781457,0.2582781457
"I",16.6082321777,19.6485449127,23.0243087178,26.7443429079,30.8170630803,35.2503880603,40.0516557017,45.2275484554,50.7840267084,56.7262679188,63.0586103962,69.7845014159,76.9064499798,84.4259848366,92.3436186098,100.6588187728,109.3699862298,118.4744420030,127.9684225479,137.8470837021,148.1045136644,158.7337546438,169.7268332294,181.0747990768,192.7677716640,204.7949945828,217.1448970174,229.8051621429,242.7628009985,256.0042325125,269.5153679793,283.2816979203,297.2883810931,311.5203301580,325.9622875486,340.5988791444,355.4146224372,370.3938463325,385.5204438044,400.7773163158,416.1452437344,431.6007087324,447.1118025456,462.6306386669,478.0794078101,493.3248597127,508.1316875453,522.0772642602,534.3948895424,543.6823372194,592.8880774303,612.8033281156,631.6138293405,649.6012108552,666.9627930554,683.8368131925,700.3198075309,716.4787576125,732.3596611392,748.8697500925
"Y gross net",63.5819868191,76.0164690193,89.9065406521,105.2803654203,122.1628099951,140.5756465613,160.5376820465,182.0648284537,205.1701224872,229.8637015056,256.1527435828,284.0413805081,313.5305931916,344.6180989836,377.2982398567,411.5618794901,447.3963160391,484.7852160884,523.7085739023,564.1426989016,606.0602329737,649.4301984448,694.2180764395,740.3859148187,787.8924642031,836.6933402226,886.7412097151,937.9859984529,990.3751179499,1043.8537082314,1098.3648943276,1153.8500534410,1210.2490891403,1267.5007096952,1325.5427052359,1384.3122166031,1443.7459845409,1503.7805596150,1564.3524379906,1625.3980601498,1686.8535601217,1748.6540572285,1810.7321180645,1873.0147070765,1935.4173921952,1997.8335619054,2060.1145634889,2122.0332546218,2183.2169966919,2243.0234558623,2300.3062889504,2377.2670094754,2449.9432753396,2519.4293179301,2586.4916952039,2651.6673745396,2715.3313035238,2777.7436174010,2839.0829439274,2899.4700580505
"damages",0.0000000000,0.0000000000,0.0000000000,0.0000000000,0.0000000000,0.0000000000,0.0000000000,0.0000000000,0.0000000000,0.0000000000,0.0000000000,0.0000000000,0.0000000000,0.0000000000,0.0000000000,0.0000000000,0.0000000000,0.0000000000,0.0000000000,0.0000000000,0.0000000000,0.0000000000,0.0000000000,0.0000000000,0.0000000000,0.0000000000,0.0000000000,0.0000000000,0.0000000000,0.0000000000,0.0000000000,0.0000000000,0.0000000000,0.0000000000,0.0000000000,0.0000000000,0.0000000000,0.0000000000,0.0000000000,0.0000000000,0.0000000000,0.0000000000,0.0000000000,0.0000000000,0.0000000000,0.0000000000,0.0000000000,0.0000000000,0.0000000000,0.0000000000,0.0000000000,0.0000000000,0.0000000000,0.0000000000,0.0000000000,0.0000000000,0.0000000000,0.0000000000,0.0000000000,0.0000000000
"abatement",0.0000016034,0.0000027517,0.0000046352,0.0000076674,0.0000124651,0.0000199348,0.0000313917,0.0000487197,0.0000745866,0.0001127285,0.0001683238,0.0002484797,0.0003628609,0.0005244937,0.0007507891,0.0010648322,0.0014969999,0.0020869725,0.0028862238,0.0039610824,0.0053964728,0.0073004690,0.0098097979,0.0130964656,0.0173756976,0.0229154064,0.0300474379,0.0391808691,0.0508176784,0.0655711454,0.0841873535,0.1075703057,0.1368110462,0.1732214591,0.2183733178,0.2741432396,0.3427644317,0.4268860216,0.5296410916,0.6547245922,0.8064829043,0.9900171239,1.2113040313,1.4773410697,1.7963270732,2.1779035879,2.6335048784,3.1769192748,3.8252779214,4.6009413870,4.7652712073,4.6182262587,4.4640899444,4.3066810293,4.1485733741,3.9915080765,3.8366641093,3.6848379267,3.5365636191,0.0000000000
"sigma",0.5491283629,0.5223470566,0.4969958753,0.4729924767,0.4502595776,0.4287246247,0.4083194879,0.3889801750,0.3706465648,0.3532621594,0.3367738526,0.3211317140,0.3062887878,0.2922009045,0.2788265058,0.2661264807,0.2540640126,0.2426044365,0.2317151053,0.2213652652,0.2115259393,0.2021698181,0.1932711580,0.1848056856,0.1767505086,0.1690840321,0.1617858808,0.1548368251,0.1482187134,0.1419144071,0.1359077209,0.1301833659,0.1247268972,0.1195246643,0.1145637642,0.1098319980,0.1053178301,0.1010103495,0.0968992340,0.0929747163,0.0892275518,0.0856489896,0.0822307434,0.0789649659,0.0758442239,0.0728614744,0.0700100435,0.0672836054,0.0646761628,0.0621820291,0.0597958109,0.0575123920,0.0553269182,0.0532347826,0.0512316129,0.0493132576,0.0474757750,0.0457154213,0.0440286402,0.0424120528
"Forcings",2.1423630968,2.4084484090,2.6813841578,2.9613661076,3.2477627929,3.5394138043,3.8348599504,4.1325148408,4.4307870662,4.7281620588,5.0232523081,5.3148237729,5.6018052168,5.8832859256,6.1585060567,6.4268427752,6.6877944171,6.9409641971,7.1860444361,7.3978018726,7.6010643523,7.7957089998,7.9816518443,8.1588388185,8.3272379951,8.4868329095,8.6376168209,8.7795877616,8.9127442407,9.0370814728,9.1525880142,9.2592427129,9.3570118580,9.4458464636,9.5256795865,9.5964235964,9.6579673282,9.7101730137,9.7528729044,9.7858654632,9.8089109897,9.8217264832,9.8239795026,9.8152806412,9.7951740575,9.7631251967,9.7185042125,9.6605626321,9.5883988870,9.5009048072,9.3966782505,9.2939560501,9.2018831262,9.1194124748,9.0455697753,8.9794552335,8.9202434388,8.8671816733,8.8195870682,8.7768429468
"Other Forcings",0.2500000000,0.2750000000,0.3000000000,0.3250000000,0.3500000000,0.3750000000,0.4000000000,0.4250000000,0.4500000000,0.4750000000,0.5000000000,0.5250000000,0.5500000000,0.5750000000,0.6000000000,0.6250000000,0.6500000000,0.6750000000,0.7000000000,0.7000000000,0.7000000000,0.7000000000,0.7000000000,0.7000000000,0.7000000000,0.7000000000,0.7000000000,0.7000000000,0.7000000000,0.7000000000,0.7000000000,0.7000000000,0.7000000000,0.7000000000,0.7000000000,0.7000000000,0.7000000000,0.7000000000,0.7000000000,0.7000000000,0.7000000000,0.7000000000,0.7000000000,0.7000000000,0.7000000000,0.7000000000,0.7000000000,0.7000000000,0.7000000000,0.7000000000,0.7000000000,0.7000000000,0.7000000000,0.7000000000,0.7000000000,0.7000000000,0.7000000000,0.7000000000,0.7000000000,0.7000000000
"Period utilty",0.2886010055,0.3396044646,0.3864773646,0.4295280290,0.4690897617,0.5054874782,0.5390234098,0.5699722273,0.5985806561,0.6250690961,0.6496340128,0.6724505005,0.6936747444,0.7134462703,0.7318899463,0.7491177413,0.7652302596,0.7803180761,0.7944628967,0.8077385690,0.8202119616,0.8319437324,0.8429890011,0.8533979371,0.8632162782,0.8724857854,0.8812446454,0.8895278256,0.8973673898,0.9047927773,0.9118310516,0.9185071223,0.9248439433,0.9308626896,0.9365829175,0.9420227087,0.9471988022,0.9521267174,0.9568208720,0.9612947013,0.9655607901,0.9696310308,0.9735168385,0.9772294704,0.9807805322,0.9841828192,0.9874517493,0.9906078428,0.9936810722,0.9967185933,0.9971857414,1.0005023661,1.0034948350,1.0062381840,1.0087838567,1.0111678556,1.0134158814,1.0155466572,1.0175741192,1.0196156401
"Consumption",46.9737530380,56.3679213549,66.8822272991,78.5360148449,91.3457344498,105.3252385662,120.4859949531,136.8372312786,154.3860211921,173.1373208583,193.0939648629,214.2566306125,236.6237803510,260.1915896532,284.9538704578,310.9019958851,338.0248328095,366.3086871129,395.7372651306,426.2916541171,457.9503228365,490.6891433320,524.4814334123,559.2980192763,595.1073168416,631.8754302334,669.5662652599,708.1416554410,747.5614992730,787.7839045735,828.7653389947,870.4607852149,912.8238970010,955.8071580781,999.3620443695,1043.4391942191,1087.9885976720,1132.9598272609,1178.3023530945,1223.9660192418,1269.9018334829,1316.0633313722,1362.4090114876,1408.9067273399,1455.5416573119,1502.3307986048,1549.3493710652,1596.7790710867,1644.9968292281,1694.7401772559,1702.6529403127,1759.8454551012,1813.8653560547,1865.5214260456,1915.3803287744,1963.8390532707,2011.1748318837,2057.5800218617,2103.1867191691,2150.6003079580
"Objective",2741.2318406380
"Land emissions",3.3000000000,2.6400000000,2.1120000000,1.6896000000,1.3516800000,1.0813440000,0.8650752000,0.6920601600,0.5536481280,0.4429185024,0.3543348019,0.2834678415,0.2267742732,0.1814194186,0.1451355349,0.1161084279,0.0928867423,0.0743093939,0.0594475151,0.0475580121,0.0380464097,0.0304371277,0.0243497022,0.0194797617,0.0155838094,0.0124670475,0.0099736380,0.0079789104,0.0063831283,0.0051065027,0.0040852021,0.0032681617,0.0026145294,0.0020916235,0.0016732988,0.0013386390,0.0010709112,0.0008567290,0.0006853832,0.0005483065,0.0004386452,0.0003509162,0.0002807330,0.0002245864,0.0001796691,0.0001437353,0.0001149882,0.0000919906,0.0000735925,0.0000588740,0.0000470992,0.0000376793,0.0000301435,0.0000241148,0.0000192918,0.0000154335,0.0000123468,0.0000098774,0.0000079019,0.0000063215
"Cumulative ind emissions",90.0000000000,137.3784170006,191.2135864093,251.7358622144,319.1085644021,393.4323752180,474.7497112900,563.0489732640,658.2686073204,760.3009365516,868.9957378331,984.1635520225,1105.5787299546,1232.9822210054,1366.0841196609,1504.5659893723,1648.0829833084,1796.2657833992,1948.7223792649,2105.0397049233,2264.7851513118,2427.5079714125,2592.7405871179,2759.9998136626,2928.7880081668,3098.5941493050,3268.8948546198,3439.1553392045,3608.8303200405,3777.3648672129,3944.1952027673,4108.7494523096,4270.4483415201,4428.7058492370,4582.9298076188,4732.5224506386,4876.8809143908,5015.3976803025,5147.4609611001,5272.4550176619,5389.7603938958,5498.7540354491,5598.8092472678,5689.2953874396,5769.5771262429,5839.0129731003,5896.9525023908,5942.7312984440,5975.6618210378,5995.0169286475,6000.0000000000,6000.0000000000,6000.0000000000,6000.0000000000,6000.0000000000,6000.0000000000,6000.0000000000,6000.0000000000,6000.0000000000,6000.0000000000
"Total Emissions GTCO2 per year",38.0378553449,42.1119462104,46.4869326203,51.0872652440,55.8458980902,60.7032148080,65.6060940794,70.5070958501,75.3637519204,80.1379468020,84.7953761656,89.3050763013,93.6390139117,97.7717315128,101.6800424072,105.3427683818,108.7405157689,111.8554854826,114.6713106878,117.1729193042,119.3464181075,121.1789909629,122.6588146048,123.7749839722,124.5174464919,124.8769441844,124.8449609355,124.4136748594,123.5759131151,122.3251085311,120.6552609666,118.5608937308,116.0370191874,113.0790979090,109.6829991609,105.8449642622,101.5615636777,96.8296542097,91.6463276543,86.0088501613,79.9145766321,73.3608322217,66.3447187069,58.8627954769,50.9105425850,42.4814066110,33.5651282544,24.1447511564,14.1912384919,3.6536467896,0.0000470992,0.0000376793,0.0000301435,0.0000241148,0.0000192918,0.0000154335,0.0000123468,0.0000098774,0.0000079019,122.9724834297
"Atmospheric concentrations upper",1527.0000000000,1541.1078616667,1557.9251011041,1577.5885731596,1600.2530231164,1626.0796845272,1655.2273626528,1687.8455569191,1724.0692494902,1764.0150491507,1807.7784318910,1855.4318634411,1907.0236257399,1962.5772005845,2022.0910897032,2085.5389726002,2152.8701220860,2224.0100127759,2298.8610707293,2377.3035231086,2459.1963153251,2544.3780702869,2632.6680702106,2723.8672456655,2817.7591605928,2914.1109846386,3012.6744463310,3113.1867624059,3215.3715398150,3318.9396480143,3423.5900597387,3529.0106589259,3634.8790151974,3740.8631237979,3846.6221111432,3951.8069053429,4056.0608713110,4159.0204104826,4260.3155244054,4359.5703415916,4456.4036060757,4550.4291252176,4641.2561716211,4728.4898307565,4811.7312779544,4890.5779555057,4964.6235982293,5033.4580124741,5096.6664395875,5153.8281984264,5204.5140538016,5248.2812959351,5285.5719014924,5317.2109382502,5343.9186041835,5366.3235563814,5384.9745458673,5400.3505736392,5412.8697558845,5422.8970624291
"Atmospheric concentrations lower",10010.0000000000,10010.4391250000,10010.9133714495,10011.4295009394,10011.9946149157,10012.6161992910,10013.3021405350,10014.0607194692,10014.9005878687,10015.8307320440,10016.8604267948,10017.9991824805,10019.2566874150,10020.6427473474,10022.1672234216,10023.8399697080,10025.6707711497,10027.6692825696,10029.8449692187,10032.2070492184,10034.7644381471,10037.5256959375,10040.4989761909,10043.6919779619,10047.1119000335,10050.7653976687,10054.6585418086,10058.7967806666,10063.1849036591,10067.8270076037,10072.7264651087,10077.8858950760,10083.3071352338,10088.9912166136,10094.9383398875,10101.1478534756,10107.6182333385,10114.3470643630,10121.3310232550,10128.5658628456,10136.0463977209,10143.7664910769,10151.7190426992,10159.8959779513,10168.2882376356,10176.8857685503,10185.6775144922,10194.6514073266,10203.7943575078,10213.0922430112,10222.5298948752,10232.0910761702,10241.7584486718,10251.5157849491,10261.3489257173,10271.2455169654,10281.1947804943,10291.1873136206,10301.2149143363,10311.2704286925
"eeq dual",0.0000000000,0.0000000000,0.0000000000,0.0000000000,0.0000000000,0.0000000000,0.0000000000,0.0000000000,0.0000000000,0.0000000000,0.0000000000,0.0000000000,0.0000000000,0.0000000000,0.0000000000,0.0000000000,0.0000000000,0.0000000000,0.0000000000,0.0000000000,0.0000000000,0.0000000000,0.0000000000,0.0000000000,0.0000000000,0.0000000000,0.0000000000,0.0000000000,0.0000000000,0.0000000000,0.0000000000,0.0000000000,0.0000000000,0.0000000000,0.0000000000,0.0000000000,0.0000000000,0.0000000000,0.0000000000,0.0000000000,0.0000000000,0.0000000000,0.0000000000,0.0000000000,0.0000000000,0.0000000000,0.0000000000,0.0000000000,0.0000000000,0.0000000000,0.0000000000,0.0000000000,0.0000000000,0.0000000000,0.0000000000,0.0000000000,0.0000000000,0.0000000000,0.0000000000,0.0000000000
"yy dual",5.0176485179,3.8864589113,3.0259419545,2.3687665682,1.8644389385,1.4753619564,1.1735715138,0.9382234613,0.7537204720,0.6083357331,0.4932068722,0.4016006925,0.3283744970,0.2695798906,0.2221700039,0.1837820452,0.1525749582,0.1271075898,0.1062467895,0.0890977389,0.0749508763,0.0632412724,0.0535173925,0.0454169711,0.0386482981,0.0329756432,0.0282078568,0.0241894208,0.0207933961,0.0179158438,0.0154713972,0.0133897344,0.0116127589,0.0100923389,0.0087884889,0.0076679017,0.0067027611,0.0058697770,0.0051494004,0.0045251815,0.0039832450,0.0035118569,0.0031010683,0.0027424185,0.0024286867,0.0021536811,0.0019120557,0.0016991442,0.0015108020,0.0013432394,0.0012203203,0.0010760105,0.0009514608,0.0008421356,0.0007445646,0.0006558622,0.0005734005,0.0004945506,0.0004164424,0.0003351653
