
"Results of DICE-2013R model, version DICE2013R_100413_vanilla.gms"
"This is optimal if ifopt = 1 and baseline if ifopt = 0"
"ifopt =",1.0000000000

"Period",1.0000000000,2.0000000000,3.0000000000,4.0000000000,5.0000000000,6.0000000000,7.0000000000,8.0000000000,9.0000000000,10.0000000000,11.0000000000,12.0000000000,13.0000000000,14.0000000000,15.0000000000,16.0000000000,17.0000000000,18.0000000000,19.0000000000,20.0000000000,21.0000000000,22.0000000000,23.0000000000,24.0000000000,25.0000000000,26.0000000000,27.0000000000,28.0000000000,29.0000000000,30.0000000000,31.0000000000,32.0000000000,33.0000000000,34.0000000000,35.0000000000,36.0000000000,37.0000000000,38.0000000000,39.0000000000,40.0000000000,41.0000000000,42.0000000000,43.0000000000,44.0000000000,45.0000000000,46.0000000000,47.0000000000,48.0000000000,49.0000000000,50.0000000000,51.0000000000,52.0000000000,53.0000000000,54.0000000000,55.0000000000,56.0000000000,57.0000000000,58.0000000000,59.0000000000,60.0000000000
"Year",2015.0000000000,2020.0000000000,2025.0000000000,2030.0000000000,2035.0000000000,2040.0000000000,2045.0000000000,2050.0000000000,2055.0000000000,2060.0000000000,2065.0000000000,2070.0000000000,2075.0000000000,2080.0000000000,2085.0000000000,2090.0000000000,2095.0000000000,2100.0000000000,2105.0000000000,2110.0000000000,2115.0000000000,2120.0000000000,2125.0000000000,2130.0000000000,2135.0000000000,2140.0000000000,2145.0000000000,2150.0000000000,2155.0000000000,2160.0000000000,2165.0000000000,2170.0000000000,2175.0000000000,2180.0000000000,2185.0000000000,2190.0000000000,2195.0000000000,2200.0000000000,2205.0000000000,2210.0000000000,2215.0000000000,2220.0000000000,2225.0000000000,2230.0000000000,2235.0000000000,2240.0000000000,2245.0000000000,2250.0000000000,2255.0000000000,2260.0000000000,2265.0000000000,2270.0000000000,2275.0000000000,2280.0000000000,2285.0000000000,2290.0000000000,2295.0000000000,2300.0000000000,2305.0000000000,2310.0000000000
"Industrial Emissions GTCO2 per year",33.5538267858,31.9037280994,34.8254382231,37.5464047065,40.0004683602,42.1286366505,43.8788676522,45.2058609395,46.0708601888,46.4414659023,46.2914553003,45.6006067436,44.3545270019,42.5444798747,40.1672144682,37.2247889017,33.7243800077,29.6780591711,25.1024955058,20.0172732461,14.4490237012,8.4319938764,2.0099443267,0.0000000000,0.0000000000,0.0000000000,0.0000000000,0.0000000000,0.0000000000,-29.2010919996,-29.4065376004,-29.5866994487,-29.7384417598,-29.8598731039,-29.9499422356,-30.0081903841,-30.0345949517,-30.0294661103,-29.9933736349,-29.9270905219,-29.8315449396,-29.7077743051,-29.5568754205,-29.3799426981,-29.1779819940,-28.9517790254,-28.7016859001,-28.4272614923,-28.1266503011,-27.7954868043,-27.4249137331,-27.2681624904,-27.0417912295,-24.5281733016,-7.5940465300,11.7423451847,33.3345952760,57.2637657433,83.9975736796,122.9033127622
"Atmospheric concentration C (ppm)",389.8591549296,406.6278735454,420.6956074742,435.3581897234,450.5375523413,466.1071800485,481.9033807442,497.7347332147,513.3900292897,528.6449732410,543.2678532047,557.0243593634,569.6816910234,581.0120685811,590.7957450659,598.8235943099,604.8993366542,608.8414462966,610.4847633934,609.6818035384,606.3029140603,600.2391093472,591.4050701580,579.7431542037,568.2775189666,558.2204151389,549.3933154910,541.6403033000,534.8252145763,528.8291403081,504.8501627790,483.0095705117,463.0480900188,444.7420275141,427.8980315426,412.3487479517,397.9491639424,384.5735014600,372.1125602803,360.4714369648,349.5675630812,339.3290182529,329.6930829998,320.6050046099,312.0169578717,303.8871930920,296.1793788503,288.8621704791,281.9090745114,275.2987479275,269.0159962977,263.0539767417,257.2455360268,251.6208876603,247.6281320657,254.3577544461,272.4102300581,302.2753728038,344.4882849007,399.8731174699
"Atmospheric Temperature ",0.8000000000,0.9254555636,1.0546127775,1.1871206413,1.3225498389,1.4603630096,1.5999095108,1.7404353217,1.8811011525,2.0210038403,2.1591977202,2.2947139130,2.4265763792,2.5538142318,2.6754702148,2.7906054982,2.8983010577,2.9976559330,3.0877826026,3.1653496038,3.2298063720,3.2805390680,3.3168640064,3.3380196028,3.3460479050,3.3438784219,3.3339277437,3.3181773424,3.2982409724,3.2754228832,3.2312291333,3.1697437938,3.0944017023,3.0080828411,2.9131938236,2.8117382726,2.7053775785,2.5954832922,2.4831822313,2.3693952363,2.2548703949,2.1402114595,2.0259020988,1.9123265626,1.7997872869,1.6885199384,1.5787063978,1.4704862282,1.3639673037,1.2592365420,1.1563722184,1.0554603817,0.9562586574,0.8586325991,0.7656322062,0.6996060609,0.6792746385,0.7174188607,0.8203667237,0.9891179906
"Output Net Net) ",63.4728519038,75.6785219887,89.3187024471,104.3876944504,120.8905080162,138.8285099192,158.1995003259,178.9979120963,201.2151395238,224.8399866349,249.8592161838,276.2581751857,304.0214687999,333.1336491535,363.5798762264,395.3464884169,428.4213807424,462.7940089386,498.4546804022,535.4153269637,573.6726633215,613.2113691686,653.9905976276,696.8612523549,741.6962203778,788.2006295963,836.3154402588,886.0341651970,937.4355364227,985.0149939222,1037.6159303254,1092.0493096696,1148.1261823244,1205.6780855069,1264.5501502249,1324.5972879854,1385.6821457984,1447.6740192753,1510.4482212532,1573.8855788807,1637.8718082906,1702.2965067051,1767.0513932955,1832.0271804941,1897.1079732470,1962.1611978888,2027.0194142444,2091.4473192363,2155.0815136092,2217.3194473695,2277.1110801940,2355.9094464148,2430.4328874201,2502.0052834791,2572.5931002523,2640.9162537217,2706.9610520979,2770.6678142323,2831.8712841581,2890.2695331576
"Climate Damages fraction output",0.0017088000,0.0022867696,0.0029695957,0.0037627120,0.0046701987,0.0056942025,0.0068344269,0.0080877373,0.0094479059,0.0109054989,0.0124478999,0.0140594509,0.0157216887,0.0174136522,0.0191122361,0.0207925691,0.0224283979,0.0239924627,0.0254568517,0.0267518998,0.0278525034,0.0287343707,0.0293742369,0.0297501409,0.0298934177,0.0298546661,0.0296772481,0.0293975033,0.0290453107,0.0286448148,0.0278770474,0.0268262262,0.0255661095,0.0241596616,0.0226594843,0.0211086785,0.0195419111,0.0179865445,0.0164637380,0.0149894702,0.0135754561,0.0122299486,0.0109584258,0.0097641710,0.0086487555,0.0076124359,0.0066544781,0.0057734204,0.0049672862,0.0042337567,0.0035703152,0.0029743710,0.0024415298,0.0019684573,0.0015651344,0.0013068279,0.0012319755,0.0013742218,0.0017969142,0.0026122062
"Consumption Per Capita ",6.8775894682,7.7720831212,8.7557768595,9.8289162136,10.9922917215,12.2469051921,13.5937558619,15.0337083410,16.5674179795,18.1952976438,19.9175151332,21.7340138742,23.6445519661,25.6487567006,27.7461940036,29.9364555736,32.2192722232,34.5946724253,37.0632249270,39.6270349287,42.2893828558,45.0558338014,47.9362124856,50.9475381396,54.0859856524,57.3382794167,60.6900995429,64.1228679577,67.6086808846,71.1618917287,74.8696259865,78.7139802053,82.6801868388,86.7554316904,90.9281672681,95.1877238757,99.5240973299,103.9278409726,108.3900210590,112.9022163676,117.4565596884,122.0458361959,126.6636765103,131.3049188748,135.9662781312,140.6475734647,145.3539749151,150.1001161859,154.9176585947,159.8693537015,160.9073773605,166.4683129336,171.7277089507,176.7790923338,181.7613740003,186.5840765671,191.2462024407,195.7435055516,200.0642824917,204.1871762997
"Carbon Price (per t CO2)",1.0000000000,17.7348265802,21.1558248250,25.0217230519,29.3478216524,34.1484909092,39.4368624453,45.2245427503,51.5213323418,58.3349416136,65.6706978578,73.5312400015,81.9161984534,90.8218602740,100.2408233791,110.1616535118,120.5685760780,131.4412707756,142.7549042896,154.4840102194,166.5915848430,179.0262462186,191.7187904421,192.1607139532,187.3566961043,182.6727787017,178.1059592342,173.6533102533,169.3119774970,229.2020727148,223.4720208970,217.8852203745,212.4380898652,207.1271376185,201.9489591781,196.9002351986,191.9777293187,187.1782860857,182.4988289336,177.9363582102,173.4879492550,169.1507505236,164.9219817605,160.7989322165,156.7789589111,152.8594849383,149.0379978148,145.3120478695,141.6792466727,138.1372655059,134.6838338683,131.3167380216,128.0338195710,121.7209915558,96.9289783964,72.1333496750,48.5948331515,27.5760207615,10.6255518611,0.0000000000
"Emissions Control Rate",0.0389763230,0.1952999625,0.2184579923,0.2432032654,0.2694976491,0.2973148927,0.3266363892,0.3574481205,0.3897383805,0.4234960113,0.4587089775,0.4953631634,0.5334413087,0.5729220350,0.6137789352,0.6559797404,0.6994856333,0.7442508776,0.7902231145,0.8373550874,0.8855712358,0.9347613363,0.9847725633,1.0000000000,1.0000000000,1.0000000000,1.0000000000,1.0000000000,1.0000000000,1.2000000000,1.2000000000,1.2000000000,1.2000000000,1.2000000000,1.2000000000,1.2000000000,1.2000000000,1.2000000000,1.2000000000,1.2000000000,1.2000000000,1.2000000000,1.2000000000,1.2000000000,1.2000000000,1.2000000000,1.2000000000,1.2000000000,1.2000000000,1.2000000000,1.2000000000,1.2000000000,1.2000000000,1.1832873619,1.0574205525,0.9100573771,0.7410951743,0.5486348191,0.3275607500,0.0000000000
"Social cost of carbon",14.7428583081,17.7348265827,21.1558248257,25.0217230514,29.3478216582,34.1484909071,39.4368624429,45.2245427494,51.5213323420,58.3349416079,65.6706978617,73.5312399945,81.9161984548,90.8218602792,100.2408233780,110.1616535080,120.5685760770,131.4412707773,142.7549042884,154.4840102153,166.5915848460,179.0262462200,191.7187904408,204.5743102298,217.4876982683,230.3792546420,243.1942182553,255.9059698052,268.5211266272,281.4295052800,293.5500192175,304.6722684148,314.6091722539,323.1926870647,330.2718035298,335.7119680784,339.3953880475,341.2218934251,341.1101668615,338.9992408330,334.8502067416,328.6480965931,320.4038816853,310.1564787776,297.9745403858,283.9575950658,268.2357180640,250.9662261735,232.3246624456,212.4851223856,184.6062773021,164.0548605868,141.8172450645,118.0810214033,93.0587630382,68.1482946626,44.7628674943,24.3959429106,8.8021558277,0.0000000000
"Interest Rate ",0.0516358599,0.0506925292,0.0496082053,0.0484675651,0.0473168582,0.0461810380,0.0450733475,0.0440006469,0.0429663566,0.0419720746,0.0410184573,0.0401056978,0.0392337888,0.0384026827,0.0376124184,0.0368632763,0.0361560239,0.0354923558,0.0348801820,0.0343215552,0.0338243345,0.0334053869,0.0330927012,0.0327492552,0.0323344385,0.0318611663,0.0313251721,0.0307017282,0.0301894515,0.0300609285,0.0298463712,0.0295736506,0.0292613332,0.0289222372,0.0285655364,0.0281980142,0.0278248252,0.0274499774,0.0270766613,0.0267075053,0.0263448151,0.0259908501,0.0256482067,0.0253204141,0.0250129262,0.0247348262,0.0245018237,0.0243416040,0.0243035732,0.0169068106,0.0250502894,0.0241972221,0.0235694003,0.0232141668,0.0227375621,0.0222905180,0.0218648470,0.0214471005,0.0210220564,0.0000000000
"Population",6838.0000000000,7242.4909902817,7612.0624490151,7947.3144083379,8249.5494073664,8520.5561633235,8762.4308785046,8977.4350979826,9167.8866567272,9336.0791290480,9484.2248989409,9614.4171827133,9728.6068217838,9828.5902665064,9916.0057923350,9992.3355707251,10058.9117304096,10116.9249798906,10167.4347198162,10211.3798609328,10249.5897887346,10282.7950896782,10311.6377853629,10336.6809188678,10358.4174087482,10377.2781370437,10393.6392729400,10407.8288573315,10420.1326885111,10430.7995579180,10440.0458890952,10448.0598341152,10455.0048807149,10461.0230210058,10466.2375294065,10470.7553937935,10474.6694400288,10478.0601862010,10480.9974592226,10483.5418029352,10485.7457036401,10487.6546559950,10489.3080895277,10490.7401735831,10491.9805163496,10493.0547716735,10493.9851656540,10494.7909534956,10495.4888157582,10496.0932019719,10496.6166285535,10497.0699370635,10497.4625180506,10497.8025050483,10498.0969426852,10498.3519323512,10498.5727584062,10498.7639975228,10498.9296134125,10499.0730388838
"TFP",3.8000000000,4.1259500543,4.4685308531,4.8277095371,5.2033977904,5.5954527831,6.0036784860,6.4278273286,6.8676021685,7.3226585392,7.7926071428,8.2770165520,8.7754160889,9.2872988433,9.8121248007,10.3493240464,10.8983000151,11.4584327581,12.0290822018,12.6095913712,13.1992895587,13.7974954153,14.4035199491,15.0166694135,15.6362480732,16.2615608355,16.8919157401,17.5266262975,18.1650136730,18.8064087124,19.4501538060,20.0956045925,20.7421315033,21.3891211469,22.0359775407,22.6821231902,23.3270000229,23.9700701809,24.6108166798,25.2487439383,25.8833781868,26.5142677614,27.1409832908,27.7631177825,28.3802866164,28.9921274535,29.5983000643,30.1984860876,30.7923887231,31.3797323660,31.9602621905,32.5337436862,33.0999621553,33.6587221748,34.2098470294,34.7531781198,35.2885743507,35.8159115034,36.3350815967,36.8459922389
"Output gross gross",63.5819868191,75.9011335553,89.6585021921,104.8901905844,121.6131391668,139.8421933137,159.5899947621,180.8668933884,203.6808902369,228.0376116825,253.9403096972,281.3898802654,310.3848886466,340.9215842453,372.9938764980,406.5932210374,441.7083225490,478.3244774658,516.4222182878,555.9746089942,596.9523464745,639.3061837065,682.9519921974,727.7416127967,773.9872333456,821.8005665666,871.1331786816,921.9921681538,974.4732001379,1028.8276076796,1081.8567707399,1136.3471536983,1192.1422892177,1249.1092640959,1307.1298083484,1366.0950778672,1425.9026661502,1486.4549153238,1547.6579321146,1609.4209117594,1671.6554656303,1734.2746515126,1797.1913061054,1860.3150362147,1923.5467451534,1986.7686771257,2049.8263138196,2112.4954081946,2174.4216940465,2235.0096326900,2293.2136311099,2370.6336606735,2443.8186801984,2513.8374989259,2581.4746128744,2647.4368062789,2711.9581208753,2775.1670113945,2837.1246276955,2897.8392870435
"Change tfp",0.0790000000,0.0766651972,0.0743993982,0.0722005636,0.0700667145,0.0679959301,0.0659863467,0.0640361554,0.0621436010,0.0603069801,0.0585246394,0.0567949749,0.0551164298,0.0534874931,0.0519066988,0.0503726240,0.0488838880,0.0474391507,0.0460371119,0.0446765097,0.0433561193,0.0420747523,0.0408312554,0.0396245095,0.0384534282,0.0373169577,0.0362140749,0.0351437872,0.0341051314,0.0330971724,0.0321190031,0.0311697431,0.0302485380,0.0293545586,0.0284870003,0.0276450822,0.0268280465,0.0260351579,0.0252657027,0.0245189884,0.0237943427,0.0230911136,0.0224086681,0.0217463919,0.0211036889,0.0204799806,0.0198747057,0.0192873194,0.0187172929,0.0181641133,0.0176272827,0.0171063177,0.0166007496,0.0161101233,0.0156339972,0.0151719428,0.0147235441,0.0142883976,0.0138661116,0.0134563061
"Capital",135.0000000000,161.9356256002,192.5677676005,227.0552521062,265.4448908541,307.7878253962,354.1359650332,404.5395170252,459.0453953221,517.6963619501,580.5307650491,647.5827276187,718.8826185530,794.4575936524,874.3319079636,958.5265271893,1047.0572216789,1139.9296459876,1237.1285731969,1338.5958534439,1444.2705682205,1553.9465109821,1667.1471882397,1782.8824315554,1903.9382820296,2031.5115412881,2165.5140309638,2306.3365709974,2455.1403300680,2614.4563670536,2757.5081658707,2908.1489934988,3065.4375726868,3228.6323592292,3397.1127087825,3570.3328508272,3747.7954190421,3929.0363417404,4113.6159021441,4301.1124837015,4491.1162802339,4683.2202131819,4877.0043260823,5072.0076176420,5267.6767434690,5463.2726013213,5657.7003684592,5849.2002791517,6034.7841616872,6209.2045019581,6363.0522202594,6697.9588422153,6997.4773329708,7270.5788873454,7524.2705528735,7765.2293965755,7995.7450711238,8217.1519120750,8430.1607595499,8634.9779475082
"s",0.2590697381,0.2562058494,0.2538010695,0.2516983170,0.2498877278,0.2483500430,0.2470624378,0.2460015911,0.2451452182,0.2444727421,0.2439654785,0.2436065420,0.2433805729,0.2432733196,0.2432710432,0.2433596386,0.2435232463,0.2437419265,0.2439875985,0.2442377234,0.2444317912,0.2444694768,0.2441774213,0.2442850803,0.2446432920,0.2450966784,0.2457499028,0.2467786664,0.2484908046,0.2464323555,0.2466939759,0.2469127834,0.2471021302,0.2472695830,0.2474194902,0.2475544211,0.2476759378,0.2477849583,0.2478818411,0.2479662303,0.2480366230,0.2480895207,0.2481178919,0.2481084331,0.2480367163,0.2478585891,0.2474948953,0.2468041978,0.2455336177,0.2432287379,0.2582781457,0.2582781457,0.2582781457,0.2582781457,0.2582781457,0.2582781457,0.2582781457,0.2582781457,0.2582781457,0.2582781457
"I",16.4438951200,19.3892800080,22.6691822032,26.2742070076,30.2090543591,34.4780664030,39.0851542065,44.0337711828,49.3269292933,54.9672480562,60.9570232330,67.2982987443,73.9929192446,81.0425286976,88.4484557712,96.2113785278,104.3305654317,112.8023033075,121.6167604514,130.7686205441,140.2238366307,149.9114625940,159.6897376744,170.2328070041,181.4510050265,193.1853561897,205.5244381707,218.6543296519,232.9441107104,242.7395651378,255.9735993268,269.6409347031,283.7044253867,298.1275173962,312.8743534837,327.9099147914,343.2001249500,358.7118465420,374.4126859289,390.2704739466,406.2521921733,422.3219244801,438.4370666267,454.5413930655,470.5524322141,486.3385060210,501.6769577160,516.1779777702,529.1449604647,539.3158107796,588.1280273349,608.4799232462,627.7276993999,646.2132851370,664.4445755618,682.0909529480,699.1488810054,715.6029453977,731.4104641203,746.4934555837
"Y gross net",63.4733379201,75.7275651535,89.3922526936,104.4955190095,121.0451816467,139.0459035442,158.4992886118,179.4040894610,201.7565323466,225.5507477558,250.7792861410,277.4336930639,305.5051140480,334.9848943368,365.8651294575,398.1391034122,431.8015125410,466.8482952731,503.2757344416,541.1012319826,580.3257292350,620.9361228592,662.8907986178,706.0911972782,750.8501097031,797.2659850154,845.2803431967,894.8879003136,946.1693232930,999.3570313761,1051.6977982936,1105.8632479472,1161.6638489595,1218.9312070334,1277.5109209291,1337.2586160093,1398.0378029552,1459.7187278437,1522.1776974621,1585.2965449506,1648.9619801935,1713.0645616768,1777.4969185862,1842.1506020965,1906.9104596187,1971.6445279529,2036.1857895311,2100.2990840565,2163.6207192365,2225.5471456707,2285.0261356049,2363.5825167364,2437.8520241754,2508.8891170480,2577.4342580443,2643.9770620768,2708.6170549893,2771.3533163225,2832.0265582533,2890.2695331576
"damages",0.1086488991,0.1735684018,0.2662494985,0.3946715749,0.5679575201,0.7962897695,1.0907061503,1.4628039274,1.9243578903,2.4868639267,3.1610235562,3.9561872015,4.8797745986,5.9366899086,7.1287470405,8.4541176252,9.9068100080,11.4761821927,13.1464838463,14.8733770116,16.6266172395,18.3700608472,20.0611935796,21.6504155185,23.1371236425,24.5345815512,25.8528354849,27.1042678402,28.3038768449,29.4705763035,30.1589724463,30.4839057512,30.4784402583,30.1780570625,29.6188874193,28.8364618578,27.8648631950,26.7361874801,25.4802346525,24.1243668088,22.6934854368,21.2100898358,19.6943875192,18.1644341182,16.6362855347,15.1241491729,13.6405242885,12.1963241381,10.8009748100,9.4624870193,8.1874955050,7.0511439370,5.9666560229,4.9483818779,4.0403548301,3.4597442021,3.3410658860,3.8136950721,5.0980694423,7.5697538859
"abatement",0.0004860163,0.0490431649,0.0735502465,0.1078245591,0.1546736305,0.2173936250,0.2997882858,0.4061773647,0.5413928228,0.7107611209,0.9200699571,1.1755178781,1.4836452481,1.8512451833,2.2852532310,2.7926149953,3.3801317986,4.0542863346,4.8210540393,5.6859050189,6.6530659135,7.7247536906,8.9002009902,9.2299449233,9.1538893253,9.0653554191,8.9649029379,8.8537351166,8.7337868703,14.3420374539,14.0818679682,13.8139382776,13.5376666350,13.2531215264,12.9607707041,12.6613280240,12.3556571568,12.0447085684,11.7294762088,11.4109660699,11.0901719029,10.7680549716,10.4455252907,10.1234216024,9.8024863717,9.4833300640,9.1663752867,8.8517648202,8.5392056273,8.2276983012,7.9150554109,7.6730703216,7.4191367553,6.8838335689,4.8411577921,3.0608083551,1.6560028914,0.6855020902,0.1552740951,0.0000000000
"sigma",0.5491283629,0.5223470566,0.4969958753,0.4729924767,0.4502595776,0.4287246247,0.4083194879,0.3889801750,0.3706465648,0.3532621594,0.3367738526,0.3211317140,0.3062887878,0.2922009045,0.2788265058,0.2661264807,0.2540640126,0.2426044365,0.2317151053,0.2213652652,0.2115259393,0.2021698181,0.1932711580,0.1848056856,0.1767505086,0.1690840321,0.1617858808,0.1548368251,0.1482187134,0.1419144071,0.1359077209,0.1301833659,0.1247268972,0.1195246643,0.1145637642,0.1098319980,0.1053178301,0.1010103495,0.0968992340,0.0929747163,0.0892275518,0.0856489896,0.0822307434,0.0789649659,0.0758442239,0.0728614744,0.0700100435,0.0672836054,0.0646761628,0.0621820291,0.0597958109,0.0575123920,0.0553269182,0.0532347826,0.0512316129,0.0493132576,0.0474757750,0.0457154213,0.0440286402,0.0424120528
"Forcings",2.1423630968,2.3982362740,2.6096933149,2.8225125251,3.0354016137,3.2466562461,3.4543685508,3.6565744954,3.8513516996,4.0368784702,4.2114636340,4.3735552416,4.5217345994,4.6547005447,4.7712475025,4.8702396984,4.9505829451,5.0111946211,5.0509717431,5.0437563016,5.0132889210,4.9581834725,4.8768987715,4.7677143873,4.6582050920,4.5603142184,4.4729312036,4.3950150015,4.3255980839,4.2637880172,4.0093916577,3.7669383929,3.5355573713,3.3144228731,3.1027564067,2.8998287491,2.7049613987,2.5175272109,2.3369501808,2.1627044478,1.9943126668,1.8313439232,1.6734114002,1.5201700412,1.3713145205,1.2265779743,1.0857321994,0.9485905115,0.8150153360,0.6849342308,0.5583710992,0.4355053156,0.3130966072,0.1918980639,0.1042074932,0.2512061407,0.6271090024,1.1974227317,1.9140703488,2.7314023690
"Other Forcings",0.2500000000,0.2750000000,0.3000000000,0.3250000000,0.3500000000,0.3750000000,0.4000000000,0.4250000000,0.4500000000,0.4750000000,0.5000000000,0.5250000000,0.5500000000,0.5750000000,0.6000000000,0.6250000000,0.6500000000,0.6750000000,0.7000000000,0.7000000000,0.7000000000,0.7000000000,0.7000000000,0.7000000000,0.7000000000,0.7000000000,0.7000000000,0.7000000000,0.7000000000,0.7000000000,0.7000000000,0.7000000000,0.7000000000,0.7000000000,0.7000000000,0.7000000000,0.7000000000,0.7000000000,0.7000000000,0.7000000000,0.7000000000,0.7000000000,0.7000000000,0.7000000000,0.7000000000,0.7000000000,0.7000000000,0.7000000000,0.7000000000,0.7000000000,0.7000000000,0.7000000000,0.7000000000,0.7000000000,0.7000000000,0.7000000000,0.7000000000,0.7000000000,0.7000000000,0.7000000000
"Period utilty",0.2890943232,0.3390495146,0.3851655203,0.4276013812,0.4666120850,0.5024822445,0.5354942676,0.5659141710,0.5939862312,0.6199319313,0.6439508855,0.6662225786,0.6869083522,0.7061533753,0.7240884947,0.7408319438,0.7564909402,0.7711632396,0.7849387691,0.7979043972,0.8101404735,0.8217249871,0.8327389467,0.8432721058,0.8533301268,0.8628972582,0.8719671334,0.8805326981,0.8885758723,0.8961782931,0.9035457964,0.9106461177,0.9174630158,0.9239903998,0.9302287185,0.9361826879,0.9418598184,0.9472694335,0.9524220013,0.9573286770,0.9620010002,0.9664507219,0.9706897578,0.9747302946,0.9785851108,0.9822682319,0.9857961455,0.9891899749,0.9924793373,0.9957092193,0.9963679521,0.9997948270,1.0028865263,1.0057293604,1.0084202202,1.0109249326,1.0132585859,1.0154328697,1.0174546488,1.0193256651
"Consumption",47.0289567838,56.2892419807,66.6495202439,78.1134874428,90.6814536571,104.3504435162,119.1143461194,134.9641409136,151.8882102305,169.8727385787,188.9021929509,208.9598764414,230.0285495553,252.0911204559,275.1314204552,299.1351098892,324.0908153107,349.9917056310,376.8379199508,404.6467064196,433.4488266908,463.2999065746,494.3008599532,526.6284453508,560.2452153513,595.0152734066,630.7910020881,667.3798355450,704.4914257123,742.2754287843,781.6423309987,822.4083749664,864.4217569377,907.5505681107,951.6757967413,996.6873731940,1042.4820208484,1088.9621727333,1136.0355353243,1183.6151049341,1231.6196161173,1279.9745822251,1328.6143266688,1377.4857874286,1426.5555410329,1475.8226918679,1525.3424565284,1575.2693414661,1625.9365531445,1678.0036365899,1688.9830528591,1747.4295231686,1802.7051880202,1855.7919983421,1908.1485246904,1958.8253007737,2007.8121710925,2055.0648688345,2100.4608200378,2143.7760775738
"Objective",2689.1761542629
"Land emissions",3.3000000000,2.6400000000,2.1120000000,1.6896000000,1.3516800000,1.0813440000,0.8650752000,0.6920601600,0.5536481280,0.4429185024,0.3543348019,0.2834678415,0.2267742732,0.1814194186,0.1451355349,0.1161084279,0.0928867423,0.0743093939,0.0594475151,0.0475580121,0.0380464097,0.0304371277,0.0243497022,0.0194797617,0.0155838094,0.0124670475,0.0099736380,0.0079789104,0.0063831283,0.0051065027,0.0040852021,0.0032681617,0.0026145294,0.0020916235,0.0016732988,0.0013386390,0.0010709112,0.0008567290,0.0006853832,0.0005483065,0.0004386452,0.0003509162,0.0002807330,0.0002245864,0.0001796691,0.0001437353,0.0001149882,0.0000919906,0.0000735925,0.0000588740,0.0000470992,0.0000376793,0.0000301435,0.0000241148,0.0000192918,0.0000154335,0.0000123468,0.0000098774,0.0000079019,0.0000063215
"Cumulative ind emissions",90.0000000000,135.7635389877,179.2765342133,226.7744041302,277.9833576306,332.5393701241,389.9979580271,449.8436585893,511.4992245188,574.3345493808,637.6753375727,700.8115286532,763.0054822043,823.4999271059,881.5256770715,936.3091119709,987.0794187108,1033.0755725674,1073.5530127899,1107.7899133707,1135.0911589327,1154.7979561247,1166.2982205497,1169.0395521464,1169.0395521464,1169.0395521464,1169.0395521464,1169.0395521464,1169.0395521464,1169.0395521464,1129.2126399811,1089.1055237775,1048.7526876500,1008.1928925602,967.4674791615,926.6192218843,885.6915208694,844.7278070783,803.7710884335,762.8635957509,722.0465055683,681.3597285094,640.8417602809,600.5296006785,560.4587568458,520.6633640554,481.1764859520,442.0307059464,403.2592090938,364.8977111382,326.9878818906,289.5834714527,252.3928515803,215.5109759263,182.0573844075,171.6999832481,187.7151839911,233.1797165552,311.2808700512,425.8438456098
"Total Emissions GTCO2 per year",36.8538267858,34.5437280994,36.9374382231,39.2360047065,41.3521483602,43.2099806505,44.7439428522,45.8979210995,46.6245083168,46.8843844047,46.6457901022,45.8840745852,44.5813012751,42.7258992933,40.3123500031,37.3408973296,33.8172667500,29.7523685650,25.1619430209,20.0648312581,14.4870701109,8.4624310041,2.0342940288,0.0194797617,0.0155838094,0.0124670475,0.0099736380,0.0079789104,0.0063831283,-29.1959854969,-29.4024523983,-29.5834312870,-29.7358272304,-29.8577814804,-29.9482689368,-30.0068517451,-30.0335240405,-30.0286093813,-29.9926882517,-29.9265422154,-29.8311062943,-29.7074233889,-29.5565946875,-29.3797181118,-29.1778023249,-28.9516352901,-28.7015709119,-28.4271695017,-28.1265767086,-27.7954279303,-27.4248666339,-27.2681248111,-27.0417610860,-24.5281491868,-7.5940272382,11.7423606182,33.3346076227,57.2637756207,83.9975815815,122.9033190837
"Atmospheric concentrations upper",1527.0000000000,1541.1078616667,1557.7829918389,1576.4143110799,1597.0334627484,1619.6561668288,1644.2737891239,1670.8473671986,1699.3036510953,1729.5327943544,1761.3873950152,1794.6826387912,1829.1973394884,1864.6757067440,1900.8296998421,1937.3418498804,1973.8684518099,2010.0430433098,2045.4800991142,2079.7788766568,2112.5273501354,2143.3060132366,2171.6920580426,2197.2639455031,2219.6065410410,2238.8885052586,2255.4988340712,2269.7771753902,2282.0200823904,2292.4864757592,2301.4024147136,2305.4604957648,2305.2598860432,2301.3266870274,2294.1235872992,2284.0581394342,2271.4898844686,2256.7365001660,2240.0791159122,2221.7669125627,2202.0211068927,2181.0384056238,2158.9940022013,2136.0441799392,2112.3285775396,2087.9721672963,2063.0869928209,2037.7737126138,2012.1229997171,1986.2168588035,1960.1299455734,1933.9310193656,1907.6847493768,1881.4218331437,1855.1773780437,1829.2564899960,1805.6557383537,1786.4027281243,1773.5340921384,1769.1036130061
"Atmospheric concentrations lower",10010.0000000000,10010.4391250000,10010.9133714495,10011.4291456662,10011.9913241072,10012.6048606922,10013.2747469688,10014.0059512145,10014.8033426240,10015.6716056236,10016.6151484426,10017.6380093175,10018.7437630864,10019.9354304150,10021.2153914741,10022.5853055291,10024.0460376132,10025.5975932050,10027.2390616256,10028.9685686901,10030.7832389898,10032.6791680220,10034.6514038359,10036.6939391322,10038.7997147915,10040.9606362403,10043.1690332887,10045.4182108252,10047.7023251175,10050.0162757888,10052.3556114851,10054.7164475030,10057.0866319414,10059.4555149182,10061.8137653995,10064.1532122219,10066.4667058614,10068.7479980593,10070.9916368604,10073.1928749727,10075.3475896588,10077.4522126145,10079.5036685068,10081.4993210242,10083.4369254532,10085.3145869347,10087.1307236799,10088.8840345427,10090.5734704626,10092.1982094156,10093.7576346669,10095.2513163292,10096.6789965583,10098.0405792704,10099.3360451578,10100.5654626876,10101.7296630690,10102.8344686536,10103.8907688407,10104.9145409366
"eeq dual",-0.0738486065,-0.0690654149,-0.0643406464,-0.0597360614,-0.0552993777,-0.0510652447,-0.0470567616,-0.0432872508,-0.0397620774,-0.0364803714,-0.0334365697,-0.0306217373,-0.0280246598,-0.0256327180,-0.0234325679,-0.0214106524,-0.0195535728,-0.0178483453,-0.0162825628,-0.0148444772,-0.0135224864,-0.0123051368,-0.0111810044,-0.0101384314,-0.0091744474,-0.0082887017,-0.0074798010,-0.0067458880,-0.0060851621,-0.0054963936,-0.0049439690,-0.0044295982,-0.0039538091,-0.0035162322,-0.0031158372,-0.0027511245,-0.0024202796,-0.0021212946,-0.0018520612,-0.0016104420,-0.0013943225,-0.0012016482,-0.0010304491,-0.0008788556,-0.0007451055,-0.0006275458,-0.0005246275,-0.0004348966,-0.0003569785,-0.0002895555,-0.0002313364,-0.0001816606,-0.0001393422,-0.0001032636,-0.0000725591,-0.0000474863,-0.0000279357,-0.0000136644,-0.0000044339,0.0000000000
"cc dual",5.0091105071,3.8943383287,3.0412733590,2.3873680198,1.8842753750,1.4953880346,1.1932176819,0.9571628187,0.7717594947,0.6253605545,0.5091550845,0.4164452730,0.3421137736,0.2822307087,0.2337627238,0.1943566724,0.1621780187,0.1357895063,0.1140595683,0.0960907033,0.0811714857,0.0687337030,0.0583198149,0.0495586731,0.0421837533,0.0359785072,0.0307564920,0.0263608075,0.0226617627,0.0195302676,0.0168419985,0.0145388953,0.0125673674,0.0108796775,0.0094341604,0.0081948954,0.0071311506,0.0062167599,0.0054295103,0.0047505769,0.0041640187,0.0036563369,0.0032160943,0.0028335876,0.0025005677,0.0022099982,0.0019558450,0.0017328890,0.0015365500,0.0013627094,0.0012531339,0.0011073161,0.0009825477,0.0008745148,0.0007797124,0.0006968085,0.0006240821,0.0005601115,0.0005037268,0.0004539619
