
"This is the DICE-2013 Rocky Road model, version is DICE2013_032813.gms"
"Stern Scenario"

"Period",1.0000000000,2.0000000000,3.0000000000,4.0000000000,5.0000000000,6.0000000000,7.0000000000,8.0000000000,9.0000000000,10.0000000000,11.0000000000,12.0000000000,13.0000000000,14.0000000000,15.0000000000,16.0000000000,17.0000000000,18.0000000000,19.0000000000,20.0000000000,21.0000000000,22.0000000000,23.0000000000,24.0000000000,25.0000000000,26.0000000000,27.0000000000,28.0000000000,29.0000000000,30.0000000000,31.0000000000,32.0000000000,33.0000000000,34.0000000000,35.0000000000,36.0000000000,37.0000000000,38.0000000000,39.0000000000,40.0000000000,41.0000000000,42.0000000000,43.0000000000,44.0000000000,45.0000000000,46.0000000000,47.0000000000,48.0000000000,49.0000000000,50.0000000000,51.0000000000,52.0000000000,53.0000000000,54.0000000000,55.0000000000,56.0000000000,57.0000000000,58.0000000000,59.0000000000,60.0000000000
"Year",2015.0000000000,2020.0000000000,2025.0000000000,2030.0000000000,2035.0000000000,2040.0000000000,2045.0000000000,2050.0000000000,2055.0000000000,2060.0000000000,2065.0000000000,2070.0000000000,2075.0000000000,2080.0000000000,2085.0000000000,2090.0000000000,2095.0000000000,2100.0000000000,2105.0000000000,2110.0000000000,2115.0000000000,2120.0000000000,2125.0000000000,2130.0000000000,2135.0000000000,2140.0000000000,2145.0000000000,2150.0000000000,2155.0000000000,2160.0000000000,2165.0000000000,2170.0000000000,2175.0000000000,2180.0000000000,2185.0000000000,2190.0000000000,2195.0000000000,2200.0000000000,2205.0000000000,2210.0000000000,2215.0000000000,2220.0000000000,2225.0000000000,2230.0000000000,2235.0000000000,2240.0000000000,2245.0000000000,2250.0000000000,2255.0000000000,2260.0000000000,2265.0000000000,2270.0000000000,2275.0000000000,2280.0000000000,2285.0000000000,2290.0000000000,2295.0000000000,2300.0000000000,2305.0000000000,2310.0000000000
"Industrial Emissions GTCO2 per year",33.1652036207,39.3058241326,45.0250102317,50.4749100959,55.7309318633,60.8238720858,65.7588050501,70.5264774243,75.1102647535,79.4904048044,83.6465342069,87.5591670158,91.2105185157,94.5849290467,97.6690475790,100.4518740027,102.9247205378,105.0811285085,106.9167617233,108.4292885914,109.6182596137,110.4849837171,111.0324050689,111.2649810731,111.1885617870,110.8102707897,110.1383875575,109.1822314000,107.9520471287,106.4588926707,104.7145289023,102.7313119938,100.5220885034,98.1000933492,95.4788505590,92.6720763108,89.6935830673,86.5571824798,83.2765827657,79.8652729729,76.3363809356,72.7024821747,68.9753207270,65.1653750917,61.2811546589,57.3280294144,53.3062510754,49.2075655989,45.0093404013,40.6642048125,36.9669364274,32.5469525526,27.9890312606,23.2235560682,18.1388584204,12.5565648110,6.1857300689,0.0000000000,0.0000000000,130.6565519658
"Atmospheric concentration C (ppm)",389.8591549296,406.3790298599,425.2083816961,446.0040035599,468.5393480385,492.6471037442,518.1871721437,545.0292552824,573.0439600796,602.0988507840,632.0573073585,662.7788975043,694.1204916474,725.9376727045,758.0861903991,790.4233293789,822.8091306945,855.1074461041,887.1868261254,918.9212532624,950.1907360738,980.8817805392,1010.8877542426,1040.1091571820,1068.4538111131,1095.8369775220,1122.1814127070,1147.4173671378,1171.4825351749,1194.3219604134,1215.8879012717,1236.1396609573,1255.0433855651,1272.5718337204,1288.7041208378,1303.4254406383,1316.7267659453,1328.6045297937,1339.0602862637,1348.1003477301,1355.7353906303,1361.9800140678,1366.8522223347,1370.3727798949,1372.5643489302,1373.4502536973,1373.0526027357,1371.3893036001,1368.4691595076,1364.2836157271,1358.7925618985,1352.4664062591,1344.8545670159,1335.9202461359,1325.5834866114,1313.6979938019,1300.0140671857,1284.1152088192,1266.2418047263,1250.4509275094
"Atmospheric Temperature ",0.8000000000,0.9251266766,1.0600614182,1.2048020957,1.3588584811,1.5214529789,1.6916416624,1.8683903936,2.0506252541,2.2372677253,2.4272601831,2.6195846779,2.8132766409,3.0074345179,3.2012260353,3.3938916683,3.5847458176,3.7731761495,3.9586415112,4.1382187868,4.3118347499,4.4794294109,4.6409578405,4.7963910000,4.9457158347,5.0889348358,5.2260652342,5.3571379530,5.4821964145,5.6012952774,5.7144991557,5.8218813606,5.9235226910,6.0195102901,6.1099365802,6.1948982787,6.2744954976,6.3488309230,6.4180090690,6.4821355962,6.5413166829,6.5956584262,6.6452662456,6.6902442377,6.7306944048,6.7667156234,6.7984021285,6.8258411271,6.8491088707,6.8682640065,6.8833360902,6.8945306559,6.9018398113,6.9052325905,6.9046384630,6.8999225568,6.8908469821,6.8770072345,6.8581196477,6.8356467826
"Output Net Net) ",63.5810047923,79.7656055536,96.6684071103,114.6195750062,133.8403838704,154.4808186843,176.6431272354,200.3970511121,225.7898776934,252.8531016591,281.6068101184,312.0625312150,344.2250521586,378.0935550592,413.6623094889,450.9210842569,489.8553878154,530.4466101912,572.6721144165,616.5053085386,661.9157178848,708.8690695806,757.3273961541,807.2491615802,858.5894107806,911.2999420187,965.3295005819,1020.6239914328,1077.1267080316,1134.7785741746,1193.5183953643,1253.2831157950,1314.0080763462,1375.6272677155,1438.0735705224,1501.2789700022,1565.1747253004,1629.6914596966,1694.7591137007,1760.3066595778,1826.2613989776,1892.5475292491,1959.0834232563,2025.7766411880,2092.5149357532,2159.1501593889,2225.4695373686,2291.1442645766,2355.6368030234,2418.0310630444,2476.7641487502,2548.3305920145,2618.1292466693,2686.5126105114,2753.7162043865,2819.8881296370,2885.1061144651,2949.5011363179,3013.6151846418,3080.6467367467
"Climate Damages fraction output",0.0000000000,0.0000000000,0.0000000000,0.0000000000,0.0000000000,0.0000000000,0.0000000000,0.0000000000,0.0000000000,0.0000000000,0.0000000000,0.0000000000,0.0000000000,0.0000000000,0.0000000000,0.0000000000,0.0000000000,0.0000000000,0.0000000000,0.0000000000,0.0000000000,0.0000000000,0.0000000000,0.0000000000,0.0000000000,0.0000000000,0.0000000000,0.0000000000,0.0000000000,0.0000000000,0.0000000000,0.0000000000,0.0000000000,0.0000000000,0.0000000000,0.0000000000,0.0000000000,0.0000000000,0.0000000000,0.0000000000,0.0000000000,0.0000000000,0.0000000000,0.0000000000,0.0000000000,0.0000000000,0.0000000000,0.0000000000,0.0000000000,0.0000000000,0.0000000000,0.0000000000,0.0000000000,0.0000000000,0.0000000000,0.0000000000,0.0000000000,0.0000000000,0.0000000000,0.0000000000
"Consumption Per Capita ",6.0403673569,7.2946984420,8.5205005297,9.7633498997,11.0542866286,12.4141518602,13.8570164764,15.3925285309,17.0274353194,18.7665452125,20.6133269504,22.5702798709,24.6391614831,26.8211272008,29.1168166159,31.5264077245,34.0496523627,36.6859010138,39.4341219687,42.2929178452,45.2605412394,48.3349105216,51.5136263130,54.7939888850,58.1730165491,61.6474649881,65.2138474270,68.8684555036,72.6073806981,76.4265361894,80.3216790503,84.2884327647,88.3223101840,92.4187372688,96.5730783687,100.7806644971,105.0368273149,109.3369437328,113.6764999490,118.0511906187,122.4570810230,126.8908816138,131.3504223454,135.8354816407,140.3492449150,144.9008832625,149.5101362456,154.2155186822,159.0892061649,164.2646309499,165.8716985608,170.6572142454,175.3249502943,179.8984660720,184.3934866197,188.8198841928,193.1828210291,197.4910275511,201.7807566568,206.2661287862
"Carbon Price (per t CO2)",1.5717201401,1.9112127625,2.2470449829,2.5912376037,2.9522206313,3.3358721232,3.7463641415,4.1867498321,4.6593470902,5.1659820425,5.7081408307,6.2870629387,6.9037978251,7.5592387995,8.2541429605,8.9891427373,9.7647525057,10.5813724300,11.4392908719,12.3386861807,13.2796283645,14.2620809242,15.2859030237,16.3508520723,17.4565867450,18.6026704549,19.7885752383,21.0136860395,22.2773053462,23.5786581529,24.9168972306,26.2911086970,27.7003179378,29.1434959947,30.6195666750,32.1274148684,33.6658969949,35.2338552526,36.8301386883,38.4536364982,40.1033332176,41.7784030204,43.4783737792,45.2034154495,46.9548502237,48.7360591571,50.5541015783,52.4226293769,54.3671978863,56.4351544845,57.8827940953,60.2143294546,62.6817684670,65.3794747347,68.4460844749,72.0976189865,76.6898071269,81.2496572118,79.2184157815,0.0000000000
"Emissions Control Rate",0.0501069778,0.0566489951,0.0628576050,0.0690005812,0.0752365437,0.0816611488,0.0883332810,0.0952901305,0.1025559689,0.1101472954,0.1180758704,0.1263505091,0.1349781474,0.1439644769,0.1533143251,0.1630318868,0.1731208655,0.1835845637,0.1944259412,0.2056476568,0.2172520987,0.2292414089,0.2416175051,0.2543820997,0.2675367181,0.2810827172,0.2950213021,0.3093535442,0.3240803985,0.3392027205,0.3547212846,0.3706368018,0.3869499392,0.4036613418,0.4207716587,0.4382815777,0.4561918749,0.4745034916,0.4932176612,0.5123361245,0.5318615020,0.5517979500,0.5721523171,0.5929361956,0.6141695665,0.6358872898,0.6581507054,0.6810684914,0.7048345696,0.7297982824,0.7506238622,0.7781420685,0.8069694639,0.8377846870,0.8715664624,0.9098069108,0.9548957440,1.0000000000,1.0000000000,0.0000000000
"Social cost of carbon",0.0000000000,0.0000000000,0.0000000000,0.0000000000,0.0000000000,0.0000000000,0.0000000000,0.0000000000,0.0000000000,0.0000000000,0.0000000000,0.0000000000,0.0000000000,0.0000000000,0.0000000000,0.0000000000,0.0000000000,0.0000000000,0.0000000000,0.0000000000,0.0000000000,0.0000000000,0.0000000000,0.0000000000,0.0000000000,0.0000000000,0.0000000000,0.0000000000,0.0000000000,0.0000000000,0.0000000000,0.0000000000,0.0000000000,0.0000000000,0.0000000000,0.0000000000,0.0000000000,0.0000000000,0.0000000000,0.0000000000,0.0000000000,0.0000000000,0.0000000000,0.0000000000,0.0000000000,0.0000000000,0.0000000000,0.0000000000,0.0000000000,0.0000000000,0.0000000000,0.0000000000,0.0000000000,0.0000000000,0.0000000000,0.0000000000,0.0000000000,0.0000000000,0.0000000000,0.0000000000
"Interest Rate ",0.0398884720,0.0329053953,0.0289140418,0.0264275841,0.0247362901,0.0234817871,0.0224766636,0.0216205269,0.0208585388,0.0201601560,0.0195079711,0.0188917631,0.0183052904,0.0177445473,0.0172068076,0.0166900955,0.0161928902,0.0157139579,0.0152522557,0.0148068745,0.0143770036,0.0139619098,0.0135609219,0.0131734211,0.0127988332,0.0124366235,0.0120862917,0.0117473689,0.0114194143,0.0111020129,0.0107947742,0.0104973307,0.0102093383,0.0099304777,0.0096604585,0.0093990270,0.0091459814,0.0089011979,0.0086646774,0.0084366264,0.0082175963,0.0080087253,0.0078121543,0.0076317463,0.0074743312,0.0073518714,0.0072852644,0.0073111238,0.0074941978,0.0029705471,0.0067676549,0.0064711489,0.0062205719,0.0060026782,0.0058080610,0.0056296611,0.0054697481,0.0053544801,0.0054553935,0.0000000000
"Population",6838.0000000000,7242.4909902817,7612.0624490151,7947.3144083379,8249.5494073664,8520.5561633235,8762.4308785046,8977.4350979826,9167.8866567272,9336.0791290480,9484.2248989409,9614.4171827133,9728.6068217838,9828.5902665064,9916.0057923350,9992.3355707251,10058.9117304096,10116.9249798906,10167.4347198162,10211.3798609328,10249.5897887346,10282.7950896782,10311.6377853629,10336.6809188678,10358.4174087482,10377.2781370437,10393.6392729400,10407.8288573315,10420.1326885111,10430.7995579180,10440.0458890952,10448.0598341152,10455.0048807149,10461.0230210058,10466.2375294065,10470.7553937935,10474.6694400288,10478.0601862010,10480.9974592226,10483.5418029352,10485.7457036401,10487.6546559950,10489.3080895277,10490.7401735831,10491.9805163496,10493.0547716735,10493.9851656540,10494.7909534956,10495.4888157582,10496.0932019719,10496.6166285535,10497.0699370635,10497.4625180506,10497.8025050483,10498.0969426852,10498.3519323512,10498.5727584062,10498.7639975228,10498.9296134125,10499.0730388838
"TFP",3.8000000000,4.1259500543,4.4685308531,4.8277095371,5.2033977904,5.5954527831,6.0036784860,6.4278273286,6.8676021685,7.3226585392,7.7926071428,8.2770165520,8.7754160889,9.2872988433,9.8121248007,10.3493240464,10.8983000151,11.4584327581,12.0290822018,12.6095913712,13.1992895587,13.7974954153,14.4035199491,15.0166694135,15.6362480732,16.2615608355,16.8919157401,17.5266262975,18.1650136730,18.8064087124,19.4501538060,20.0956045925,20.7421315033,21.3891211469,22.0359775407,22.6821231902,23.3270000229,23.9700701809,24.6108166798,25.2487439383,25.8833781868,26.5142677614,27.1409832908,27.7631177825,28.3802866164,28.9921274535,29.5983000643,30.1984860876,30.7923887231,31.3797323660,31.9602621905,32.5337436862,33.0999621553,33.6587221748,34.2098470294,34.7531781198,35.2885743507,35.8159115034,36.3350815967,36.8459922389
"Output gross gross",63.5819868191,79.7672166696,96.6708307039,114.6230370145,133.8451645018,154.4872624235,176.6516522303,200.4081584445,225.8041607084,252.8712553645,281.6296405714,312.0909647702,344.2601444189,378.1364993597,413.7144447354,450.9839019424,489.9305380408,530.5359065297,572.7775374735,616.6290080774,662.0600134093,709.0364492924,757.5205142236,807.4708337021,858.8426080099,911.5877829137,965.6552417056,1020.9910162934,1077.5385145643,1135.2387608925,1194.0306463248,1253.8511845457,1314.6357690326,1376.3184255457,1438.8320518042,1502.1086319898,1566.0794061270,1630.6749607365,1695.8251828282,1761.4589760198,1827.5035608776,1893.8830458365,1960.5157149250,2027.3090533624,2094.1507770939,2160.8927834098,2227.3225021673,2293.1116344222,2357.7237108686,2420.2447627252,2479.0643847079,2550.7855049232,2620.7486487066,2689.3132208385,2756.7252071999,2823.1495719619,2888.6929297602,2953.4190178467,3017.3738400805,3080.6467367467
"Change tfp",0.0790000000,0.0766651972,0.0743993982,0.0722005636,0.0700667145,0.0679959301,0.0659863467,0.0640361554,0.0621436010,0.0603069801,0.0585246394,0.0567949749,0.0551164298,0.0534874931,0.0519066988,0.0503726240,0.0488838880,0.0474391507,0.0460371119,0.0446765097,0.0433561193,0.0420747523,0.0408312554,0.0396245095,0.0384534282,0.0373169577,0.0362140749,0.0351437872,0.0341051314,0.0330971724,0.0321190031,0.0311697431,0.0302485380,0.0293545586,0.0284870003,0.0276450822,0.0268280465,0.0260351579,0.0252657027,0.0245189884,0.0237943427,0.0230911136,0.0224086681,0.0217463919,0.0211036889,0.0204799806,0.0198747057,0.0192873194,0.0187172929,0.0181641133,0.0176272827,0.0171063177,0.0166007496,0.0161101233,0.0156339972,0.0151719428,0.0147235441,0.0142883976,0.0138661116,0.0134563061
"Capital",135.0000000000,191.1010140295,247.5123268286,305.2026787756,365.3549481655,428.9759441632,496.8327079667,569.4846366206,647.3331092393,730.6651308247,819.6862059827,914.5434147997,1015.3409640345,1122.1503742063,1235.0170010476,1353.9641253041,1478.9954710219,1610.0967369230,1747.2365312612,1890.3669671748,2039.4240854169,2194.3282110237,2354.9843103707,2521.2823884518,2693.0979485755,2870.2925248495,3052.7142899643,3240.1987352087,3432.5694155666,3629.6387491565,3831.2088563743,4037.0724185526,4247.0135271616,4460.8084791380,4678.2264467152,4899.0299013692,5122.9745846043,5349.8086632011,5579.2704309796,5811.0834295970,6044.9469935469,6280.5186890207,6517.3824001219,6754.9910113756,6992.5641270145,7228.9061544630,7462.0830694047,7688.8473591119,7903.6106481897,8096.5921467074,8250.4276307417,8550.1576088305,8833.4319605193,9104.3640007471,9365.9061124319,9620.1514315971,9868.5558866215,10112.0946265779,10351.5379882033,10588.1457824588
"s",0.3503715124,0.3376620490,0.3290612304,0.3230439798,0.3186444848,0.3152840654,0.3126188890,0.3104418198,0.3086244669,0.3070840344,0.3057645565,0.3046262691,0.3036395434,0.3027813719,0.3020332876,0.3013800944,0.3008090631,0.3003093973,0.2998718625,0.2994885144,0.2991524921,0.2988578542,0.2985994456,0.2983727871,0.2981739819,0.2979996364,0.2978467918,0.2977128653,0.2975955982,0.2974930105,0.2974033593,0.2973250994,0.2972568429,0.2971973144,0.2971452936,0.2970995348,0.2970586431,0.2970208746,0.2969838029,0.2969437541,0.2968948410,0.2968273056,0.2967246666,0.2965588035,0.2962814659,0.2958095583,0.2949994931,0.2936020418,0.2911814836,0.2869666140,0.2970297030,0.2970297030,0.2970297030,0.2970297030,0.2970297030,0.2970297030,0.2970297030,0.2970297030,0.2970297030,0.2970297030
"I",22.2769728059,26.9338178109,31.8098249813,37.0271636751,42.6475001642,48.7053405396,55.2219781787,62.2116252322,69.6842806300,77.6471505764,86.1053814058,95.0624446059,104.5203376707,114.4796853165,124.9397872711,135.8986389342,147.3529402479,159.2981018151,171.7282535661,184.6362589940,198.0137365652,211.8510890087,226.1375406042,240.8611822037,256.0090234390,271.5670513932,287.5202948255,303.8528928826,320.5481669917,337.5886942770,354.9563801904,372.6325269461,390.5978922969,408.8327295738,427.3167933697,446.0292836290,464.9486801476,484.0523826892,503.3160065616,522.7120678408,542.2075877602,561.7597838884,581.3083755855,600.7618969415,619.9733926204,638.6972548512,656.5123854918,672.6846342215,685.9178190116,693.8941868065,735.6725194308,756.9298788162,777.6621524760,797.9740427262,817.9355062534,837.5905335556,856.9622122173,876.0894464311,895.1332231609,915.0435851723
"Y gross net",63.5819868191,79.7672166696,96.6708307039,114.6230370145,133.8451645018,154.4872624235,176.6516522303,200.4081584445,225.8041607084,252.8712553645,281.6296405714,312.0909647702,344.2601444189,378.1364993597,413.7144447354,450.9839019424,489.9305380408,530.5359065297,572.7775374735,616.6290080774,662.0600134093,709.0364492924,757.5205142236,807.4708337021,858.8426080099,911.5877829137,965.6552417056,1020.9910162934,1077.5385145643,1135.2387608925,1194.0306463248,1253.8511845457,1314.6357690326,1376.3184255457,1438.8320518042,1502.1086319898,1566.0794061270,1630.6749607365,1695.8251828282,1761.4589760198,1827.5035608776,1893.8830458365,1960.5157149250,2027.3090533624,2094.1507770939,2160.8927834098,2227.3225021673,2293.1116344222,2357.7237108686,2420.2447627252,2479.0643847079,2550.7855049232,2620.7486487066,2689.3132208385,2756.7252071999,2823.1495719619,2888.6929297602,2953.4190178467,3017.3738400805,3080.6467367467
"damages",0.0000000000,0.0000000000,0.0000000000,0.0000000000,0.0000000000,0.0000000000,0.0000000000,0.0000000000,0.0000000000,0.0000000000,0.0000000000,0.0000000000,0.0000000000,0.0000000000,0.0000000000,0.0000000000,0.0000000000,0.0000000000,0.0000000000,0.0000000000,0.0000000000,0.0000000000,0.0000000000,0.0000000000,0.0000000000,0.0000000000,0.0000000000,0.0000000000,0.0000000000,0.0000000000,0.0000000000,0.0000000000,0.0000000000,0.0000000000,0.0000000000,0.0000000000,0.0000000000,0.0000000000,0.0000000000,0.0000000000,0.0000000000,0.0000000000,0.0000000000,0.0000000000,0.0000000000,0.0000000000,0.0000000000,0.0000000000,0.0000000000,0.0000000000,0.0000000000,0.0000000000,0.0000000000,0.0000000000,0.0000000000,0.0000000000,0.0000000000,0.0000000000,0.0000000000,0.0000000000
"abatement",0.0009820269,0.0016111160,0.0024235936,0.0034620083,0.0047806314,0.0064437392,0.0085249949,0.0111073323,0.0142830150,0.0181537054,0.0228304530,0.0284335552,0.0350922603,0.0429443005,0.0521352465,0.0628176855,0.0751502253,0.0892963385,0.1054230570,0.1236995387,0.1442955245,0.1673797118,0.1931180695,0.2216721219,0.2531972293,0.2878408950,0.3257411238,0.3670248606,0.4118065327,0.4601867179,0.5122509604,0.5680687507,0.6276926864,0.6911578302,0.7584812818,0.8296619876,0.9046808266,0.9835010399,1.0660691275,1.1523164419,1.2421619000,1.3355165874,1.4322916687,1.5324121744,1.6358413406,1.7426240210,1.8529647988,1.9673698456,2.0869078452,2.2136996808,2.3002359577,2.4549129088,2.6194020374,2.8006103271,3.0090028134,3.2614423248,3.5868152952,3.9178815289,3.7586554387,0.0000000000
"sigma",0.5491283629,0.5223470566,0.4969958753,0.4729924767,0.4502595776,0.4287246247,0.4083194879,0.3889801750,0.3706465648,0.3532621594,0.3367738526,0.3211317140,0.3062887878,0.2922009045,0.2788265058,0.2661264807,0.2540640126,0.2426044365,0.2317151053,0.2213652652,0.2115259393,0.2021698181,0.1932711580,0.1848056856,0.1767505086,0.1690840321,0.1617858808,0.1548368251,0.1482187134,0.1419144071,0.1359077209,0.1301833659,0.1247268972,0.1195246643,0.1145637642,0.1098319980,0.1053178301,0.1010103495,0.0968992340,0.0929747163,0.0892275518,0.0856489896,0.0822307434,0.0789649659,0.0758442239,0.0728614744,0.0700100435,0.0672836054,0.0646761628,0.0621820291,0.0597958109,0.0575123920,0.0553269182,0.0532347826,0.0512316129,0.0493132576,0.0474757750,0.0457154213,0.0440286402,0.0424120528
"Forcings",2.1423630968,2.3948802849,2.6681877814,2.9549569567,3.2501884476,3.5502490339,3.8523401928,4.1542095957,4.4539957514,4.7501430288,5.0413520547,5.3265467876,5.6048489042,5.8755552576,6.1381168077,6.3921186558,6.6372612998,6.8733433412,7.1002458300,7.2929183410,7.4763667830,7.6506428650,7.8158350998,7.9720611943,8.1194616672,8.2581945342,8.3884309106,8.5103513939,8.6241431027,8.7299972655,8.8281072648,8.9186670584,9.0018699097,9.0779073695,9.1469684621,9.2092390323,9.2649012181,9.3141330127,9.3571078809,9.3939943873,9.4249557782,9.4501494330,9.4697260480,9.4838283276,9.4925888001,9.4961261037,9.4945386169,9.4878934713,9.4762075098,9.4594140563,9.4373042657,9.4117208935,9.3807790444,9.3442371591,9.3016530419,9.2522762863,9.1948718979,9.1274120566,9.0505695477,8.9817724857
"Other Forcings",0.2500000000,0.2750000000,0.3000000000,0.3250000000,0.3500000000,0.3750000000,0.4000000000,0.4250000000,0.4500000000,0.4750000000,0.5000000000,0.5250000000,0.5500000000,0.5750000000,0.6000000000,0.6250000000,0.6500000000,0.6750000000,0.7000000000,0.7000000000,0.7000000000,0.7000000000,0.7000000000,0.7000000000,0.7000000000,0.7000000000,0.7000000000,0.7000000000,0.7000000000,0.7000000000,0.7000000000,0.7000000000,0.7000000000,0.7000000000,0.7000000000,0.7000000000,0.7000000000,0.7000000000,0.7000000000,0.7000000000,0.7000000000,0.7000000000,0.7000000000,0.7000000000,0.7000000000,0.7000000000,0.7000000000,0.7000000000,0.7000000000,0.7000000000,0.7000000000,0.7000000000,0.7000000000,0.7000000000,0.7000000000,0.7000000000,0.7000000000,0.7000000000,0.7000000000,0.7000000000
"Period utilty",0.7823889692,0.9675341930,1.1196871215,1.2528707353,1.3741804348,1.4873790781,1.5945397736,1.6968499119,1.7950217097,1.8895074922,1.9806146089,2.0685675991,2.1535422180,2.2356842923,2.3151203237,2.3919635679,2.4663176097,2.5382785382,2.6079363279,2.6753757608,2.7406770782,2.8039164657,2.8651664335,2.9244961260,2.9819715829,3.0376559638,3.0916097451,3.1438908951,3.1945550312,3.2436555628,3.2912438220,3.3373691865,3.3820791962,3.4254196706,3.4674348321,3.5081674474,3.5476590060,3.5859499682,3.6230801357,3.6590892394,3.6940179045,3.7279092677,3.7608117219,3.7927836051,3.8239012467,3.8542728245,3.8840623277,3.9135312465,3.9431118425,3.9735381426,3.9827893342,4.0098106287,4.0354394766,4.0598911302,4.0833188638,4.1058319285,4.1275065383,4.1484294536,4.1688095305,4.1896563288
"Consumption",41.3040319864,52.8317877427,64.8585821290,77.5924113312,91.1928837062,105.7754781447,121.4211490567,138.1854258799,156.1055970634,175.2059510827,195.5014287126,217.0000866091,239.7047144879,263.6138697427,288.7225222178,315.0224453227,342.5024475676,371.1485083761,400.9438608504,431.8690495447,463.9019813196,497.0179805719,531.1898555499,566.3879793765,602.5803873416,639.7328906255,677.8092057563,716.7710985502,756.5785410399,797.1898798977,838.5620151739,880.6505888489,923.4101840493,966.7945381417,1010.7567771527,1055.2496863733,1100.2260451528,1145.6390770074,1191.4431071391,1237.5945917370,1284.0538112174,1330.7877453607,1377.7750476708,1425.0147442465,1472.5415431328,1520.4529045377,1568.9571518768,1618.4596303551,1669.7189840118,1724.1368762379,1741.0916293195,1791.4007131983,1840.4670941932,1888.5385677852,1935.7806981331,1982.2975960815,2028.1439022477,2073.4116898868,2118.4819614809,2165.6031515744
"Objective",124305.6025535197
"Land emissions",3.3000000000,2.6400000000,2.1120000000,1.6896000000,1.3516800000,1.0813440000,0.8650752000,0.6920601600,0.5536481280,0.4429185024,0.3543348019,0.2834678415,0.2267742732,0.1814194186,0.1451355349,0.1161084279,0.0928867423,0.0743093939,0.0594475151,0.0475580121,0.0380464097,0.0304371277,0.0243497022,0.0194797617,0.0155838094,0.0124670475,0.0099736380,0.0079789104,0.0063831283,0.0051065027,0.0040852021,0.0032681617,0.0026145294,0.0020916235,0.0016732988,0.0013386390,0.0010709112,0.0008567290,0.0006853832,0.0005483065,0.0004386452,0.0003509162,0.0002807330,0.0002245864,0.0001796691,0.0001437353,0.0001149882,0.0000919906,0.0000735925,0.0000588740,0.0000470992,0.0000376793,0.0000301435,0.0000241148,0.0000192918,0.0000154335,0.0000123468,0.0000098774,0.0000079019,0.0000063215
"Cumulative ind emissions",90.0000000000,135.2335019377,188.8421000455,250.2510065262,319.0929461006,395.1034914679,478.0602182624,567.7476228588,663.9375811571,766.3792952234,874.7950137237,988.8792120419,1108.2997889865,1232.7003870711,1361.7032908446,1494.9125755950,1631.9173137328,1772.2947285416,1915.6132344179,2061.4353316947,2209.3203406846,2358.8269686356,2509.5157080207,2660.9510668163,2812.7036323825,2964.3519708808,3115.4843642111,3265.7003865209,3414.6123224184,3561.8464292496,3707.0440460945,3849.8625525079,3989.9761804318,4127.0766830279,4260.8738643552,4391.0959736828,4517.4899675600,4639.8216411379,4757.8756270622,4871.4552544023,4980.3822497281,5084.4962444575,5183.6540215644,5277.7283815303,5366.6064162979,5450.1868236341,5528.3756253449,5601.0791865498,5668.1926148079,5729.5801494524,5785.0414217008,5835.4600474883,5879.8503264743,5918.0241279754,5949.6983724764,5974.4376774688,5991.5633796115,6000.0000000000,6000.0000000000,6000.0000000000
"Total Emissions GTCO2 per year",36.4652036207,41.9458241326,47.1370102317,52.1645100959,57.0826118633,61.9052160858,66.6238802501,71.2185375843,75.6639128815,79.9333233068,84.0008690088,87.8426348573,91.4372927889,94.7663484653,97.8141831139,100.5679824306,103.0176072801,105.1554379023,106.9762092384,108.4768466035,109.6563060234,110.5154208449,111.0567547711,111.2844608349,111.2041455964,110.8227378373,110.1483611956,109.1902103104,107.9584302570,106.4639991734,104.7186141044,102.7345801555,100.5247030328,98.1021849727,95.4805238578,92.6734149498,89.6946539785,86.5580392087,83.2772681489,79.8658212794,76.3368195808,72.7028330909,68.9756014599,65.1655996780,61.2813343280,57.3281731496,53.3063660636,49.2076575894,45.0094139938,40.6642636865,36.9669835266,32.5469902319,27.9890614041,23.2235801830,18.1388777122,12.5565802444,6.1857424156,0.0000098774,0.0000079019,130.6565582873
"Atmospheric concentrations upper",1527.0000000000,1541.1078616667,1557.7363485785,1577.2154466122,1599.7973401132,1625.6814553738,1655.0277180984,1687.9632671131,1724.5856301724,1764.9641026621,1809.1403300585,1857.1286525983,1908.9165055852,1964.4650123221,2023.7098170583,2086.5621565035,2152.9101440112,2222.6202302640,2295.5388019197,2371.4938814255,2450.2968948487,2531.7444788664,2615.6203023165,2701.6968816268,2789.7373728719,2879.4973261438,2970.7263903983,3063.1699590124,3156.5707480309,3250.6703005465,3345.2104119132,3439.9344715747,3534.5887182372,3628.9234059508,3722.6938794065,3815.6615573965,3907.5948239270,3998.2698268702,4087.4711842407,4174.9925980697,4260.6373752278,4344.2188530960,4425.5607251311,4504.4972561491,4580.8733679277,4654.5445596629,4725.3766000742,4793.2448801159,4858.0332325672,4919.6318807403,4977.9339238911,5032.8293049187,5084.3006307526,5132.2467585204,5176.5637745728,5217.1370178094,5253.8290840721,5286.4613722253,5314.7845015587,5338.6043278202
"Atmospheric concentrations lower",10010.0000000000,10010.4391250000,10010.9133714495,10011.4290290581,10011.9932103773,10012.6136560191,10013.2986025486,10014.0566835655,10014.8968476026,10015.8282839919,10016.8603522027,10018.0025126590,10019.2642584425,10020.6550480192,10022.1842394713,10023.8610268331,10025.6943791278,10027.6929826349,10029.8651868289,10032.2189543332,10034.7618151397,10037.5008252642,10040.4425299328,10043.5929313348,10046.9574609245,10050.5409562136,10054.3476419562,10058.3811156031,10062.6443368741,10067.1396212805,10071.8686374097,10076.8324077743,10082.0313130156,10087.4650992431,10093.1328882870,10099.0331906357,10105.1639208273,10111.5224150639,10118.1054508160,10124.9092681869,10131.9295928041,10139.1616600046,10146.6002400771,10154.2396643089,10162.0738515625,10170.0963350575,10178.3002889435,10186.6785540962,10195.2236622845,10203.9278573799,10212.7831114299,10221.7811319395,10230.9133540698,10240.1711723896,10249.5457315153,10259.0279192673,10268.6083398891,10278.2772572845,10288.0244921408,10297.8392451286
"eeq dual",0.0000000000,0.0000000000,0.0000000000,0.0000000000,0.0000000000,0.0000000000,0.0000000000,0.0000000000,0.0000000000,0.0000000000,0.0000000000,0.0000000000,0.0000000000,0.0000000000,0.0000000000,0.0000000000,0.0000000000,0.0000000000,0.0000000000,0.0000000000,0.0000000000,0.0000000000,0.0000000000,0.0000000000,0.0000000000,0.0000000000,0.0000000000,0.0000000000,0.0000000000,0.0000000000,0.0000000000,0.0000000000,0.0000000000,0.0000000000,0.0000000000,0.0000000000,0.0000000000,0.0000000000,0.0000000000,0.0000000000,0.0000000000,0.0000000000,0.0000000000,0.0000000000,0.0000000000,0.0000000000,0.0000000000,0.0000000000,0.0000000000,0.0000000000,0.0000000000,0.0000000000,0.0000000000,0.0000000000,0.0000000000,0.0000000000,0.0000000000,0.0000000000,0.0000000000,0.0000000000
"yy dual",13.3404103313,10.9707260262,9.3310956188,8.0916514819,7.1022441114,6.2854302625,5.5967308043,5.0080354539,4.5000707589,4.0587426404,3.6732435686,3.3350058365,3.0370807673,2.7737437792,2.5402263683,2.3325240468,2.1472527422,1.9815380031,1.8329275679,1.6993212477,1.5789140343,1.4701495320,1.3716815789,1.2823424432,1.2011163409,1.1271172946,1.0595705523,0.9977969384,0.9411996321,0.8892529617,0.8414928794,0.7975088398,0.7569368569,0.7194535480,0.6847710099,0.6526323914,0.6228080481,0.5950921761,0.5692998273,0.5452642066,0.5228341365,0.5018715432,0.4822487543,0.4638452955,0.4465436796,0.4302233697,0.4147515422,0.3999683313,0.3856625394,0.3715306848,0.3622387606,0.3482126561,0.3345054249,0.3207029680,0.3063344201,0.2908194735,0.2734051940,0.2530776213,0.2284371337,0.1974036120
