"Year",2010.0000000000,2015.0000000000,2020.0000000000,2025.0000000000,2030.0000000000,2035.0000000000,2040.0000000000,2045.0000000000,2050.0000000000,2055.0000000000,2060.0000000000,2065.0000000000,2070.0000000000,2075.0000000000,2080.0000000000,2085.0000000000,2090.0000000000,2095.0000000000,2100.0000000000,2105.0000000000,2110.0000000000,2115.0000000000,2120.0000000000,2125.0000000000,2130.0000000000,2135.0000000000,2140.0000000000,2145.0000000000,2150.0000000000,2155.0000000000,2160.0000000000,2165.0000000000,2170.0000000000,2175.0000000000,2180.0000000000,2185.0000000000,2190.0000000000,2195.0000000000,2200.0000000000,2205.0000000000,2210.0000000000,2215.0000000000,2220.0000000000,2225.0000000000,2230.0000000000,2235.0000000000,2240.0000000000,2245.0000000000,2250.0000000000,2255.0000000000,2260.0000000000,2265.0000000000,2270.0000000000,2275.0000000000,2280.0000000000,2285.0000000000,2290.0000000000,2295.0000000000,2300.0000000000,2305.0000000000
"Period",1.0000000000,2.0000000000,3.0000000000,4.0000000000,5.0000000000,6.0000000000,7.0000000000,8.0000000000,9.0000000000,10.0000000000,11.0000000000,12.0000000000,13.0000000000,14.0000000000,15.0000000000,16.0000000000,17.0000000000,18.0000000000,19.0000000000,20.0000000000,21.0000000000,22.0000000000,23.0000000000,24.0000000000,25.0000000000,26.0000000000,27.0000000000,28.0000000000,29.0000000000,30.0000000000,31.0000000000,32.0000000000,33.0000000000,34.0000000000,35.0000000000,36.0000000000,37.0000000000,38.0000000000,39.0000000000,40.0000000000,41.0000000000,42.0000000000,43.0000000000,44.0000000000,45.0000000000,46.0000000000,47.0000000000,48.0000000000,49.0000000000,50.0000000000,51.0000000000,52.0000000000,53.0000000000,54.0000000000,55.0000000000,56.0000000000,57.0000000000,58.0000000000,59.0000000000,60.0000000000
"Model Status",2.0000000000
"** World Economic Parameters"
"* OUTPUT AND CAPTIAL ACCUMULATION"
"Capital Share",0.3000000000
"Depreciation",0.1000000000
"Initial Output (2005 US International $, trillions)",63.5819868191
"Initial K (Capital Stock)",135.0000000000
"Initial A (Total Factor Productivity)",3.8000000000
"* WELFARE"
"Time Preference plus Risk (per year)",0.0150000000,0.0150000000,0.0150000000,0.0150000000,0.0150000000,0.0150000000,0.0150000000,0.0150000000,0.0150000000,0.0150000000,0.0150000000,0.0150000000,0.0150000000,0.0150000000,0.0150000000,0.0150000000,0.0150000000,0.0150000000,0.0150000000,0.0150000000,0.0150000000,0.0150000000,0.0150000000,0.0150000000,0.0150000000,0.0150000000,0.0150000000,0.0150000000,0.0150000000,0.0150000000,0.0150000000,0.0150000000,0.0150000000,0.0150000000,0.0150000000,0.0150000000,0.0150000000,0.0150000000,0.0150000000,0.0150000000,0.0150000000,0.0150000000,0.0150000000,0.0150000000,0.0150000000,0.0150000000,0.0150000000,0.0150000000,0.0150000000,0.0150000000,0.0150000000,0.0150000000,0.0150000000,0.0150000000,0.0150000000,0.0150000000,0.0150000000,0.0150000000,0.0150000000,0.0150000000
"Time Premium",0.0150000000
"Social Time Preference Factor",1.0000000000,0.9282603254,0.8616672317,0.7998515049,0.7424704182,0.6892058320,0.6397624299,0.5938660814,0.5512623219,0.5117149423,0.4750046789,0.4409279978,0.4092959667,0.3799332073,0.3526769226,0.3273759949,0.3038901476,0.2820891673,0.2618521822,0.2430669919,0.2256294450,0.2094428620,0.1944174992,0.1804700511,0.1675231884,0.1555051294,0.1443492420,0.1339936743,0.1243810117,0.1154579584,0.1071750421,0.0994863394,0.0923492218,0.0857241187,0.0795742983,0.0738656640,0.0685665653,0.0636476222,0.0590815625,0.0548430705,0.0509086464,0.0472564767,0.0438663124,0.0407193575,0.0377981640,0.0350865360,0.0325694393,0.0302329184,0.0280640186,0.0260507151,0.0241818453,0.0224470475,0.0208367037,0.0193418853,0.0179543048,0.0166662688,0.0154706361,0.0143607777,0.0133305402,0.0123742116
"Elasticity of MU of Consumption",1.4500000000
"* PRODUCTIVITY"
"Total Factor Productivity",3.8000000000,4.1259500543,4.4685308531,4.8277095371,5.2033977904,5.5954527831,6.0036784860,6.4278273286,6.8676021685,7.3226585392,7.7926071428,8.2770165520,8.7754160889,9.2872988433,9.8121248007,10.3493240464,10.8983000151,11.4584327581,12.0290822018,12.6095913712,13.1992895587,13.7974954153,14.4035199491,15.0166694135,15.6362480732,16.2615608355,16.8919157401,17.5266262975,18.1650136730,18.8064087124,19.4501538060,20.0956045925,20.7421315033,21.3891211469,22.0359775407,22.6821231902,23.3270000229,23.9700701809,24.6108166798,25.2487439383,25.8833781868,26.5142677614,27.1409832908,27.7631177825,28.3802866164,28.9921274535,29.5983000643,30.1984860876,30.7923887231,31.3797323660,31.9602621905,32.5337436862,33.0999621553,33.6587221748,34.2098470294,34.7531781198,35.2885743507,35.8159115034,36.3350815967,36.8459922389
"Initial Total Factor Productivity",3.8000000000
"Rate of Growth of Productivity",0.0790000000,0.0766651972,0.0743993982,0.0722005636,0.0700667145,0.0679959301,0.0659863467,0.0640361554,0.0621436010,0.0603069801,0.0585246394,0.0567949749,0.0551164298,0.0534874931,0.0519066988,0.0503726240,0.0488838880,0.0474391507,0.0460371119,0.0446765097,0.0433561193,0.0420747523,0.0408312554,0.0396245095,0.0384534282,0.0373169577,0.0362140749,0.0351437872,0.0341051314,0.0330971724,0.0321190031,0.0311697431,0.0302485380,0.0293545586,0.0284870003,0.0276450822,0.0268280465,0.0260351579,0.0252657027,0.0245189884,0.0237943427,0.0230911136,0.0224086681,0.0217463919,0.0211036889,0.0204799806,0.0198747057,0.0192873194,0.0187172929,0.0181641133,0.0176272827,0.0171063177,0.0166007496,0.0161101233,0.0156339972,0.0151719428,0.0147235441,0.0142883976,0.0138661116,0.0134563061
"* DAMAGE FUNCTION"
"Damage Coefficient on Temperature",0.0000000000
"Damage Coefficient on Temperature ^2",0.0026700000
"Exponent on Damages",2.0000000000
"* ABATEMENT COST"
"Abatement cost function coefficient",0.0674643417,0.0625697153,0.0580446808,0.0538602657,0.0499898500,0.0464089688,0.0430951318,0.0400276587,0.0371875285,0.0345572418,0.0321206950,0.0298630651,0.0277707046,0.0258310447,0.0240325075,0.0223644250,0.0208169652,0.0193810640,0.0180483639,0.0168111563,0.0156623295,0.0145953213,0.0136040746,0.0126829973,0.0118269255,0.0110310893,0.0102910820,0.0096028312,0.0089625727,0.0083668263,0.0078123737,0.0072962380,0.0068156649,0.0063681057,0.0059512010,0.0055627667,0.0052007800,0.0048633673,0.0045487928,0.0042554480,0.0039818419,0.0037265924,0.0034884177,0.0032661290,0.0030586234,0.0028648776,0.0026839417,0.0025149341,0.0023570360,0.0022094871,0.0020715812,0.0019426620,0.0018221197,0.0017093875,0.0016039384,0.0015052823,0.0014129635,0.0013265580,0.0012456711,0.0011699358
" Price of Backstop Technology (1000 USD per ton C)",344.0000000000
" Backstop Price (1000 USD per ton CO2)",344.0000000000,335.4000000000,327.0150000000,318.8396250000,310.8686343750,303.0969185156,295.5194955527,288.1315081639,280.9282204598,273.9050149483,267.0573895746,260.3809548352,253.8714309644,247.5246451903,241.3365290605,235.3031158340,229.4205379381,223.6850244897,218.0928988774,212.6405764055,207.3245619954,202.1414479455,197.0879117468,192.1607139532,187.3566961043,182.6727787017,178.1059592342,173.6533102533,169.3119774970,165.0791780596,160.9521986081,156.9283936429,153.0051838018,149.1800542068,145.4505528516,141.8142890303,138.2689318046,134.8122085094,131.4419032967,128.1558557143,124.9519593214,121.8281603384,118.7824563299,115.8128949217,112.9175725486,110.0946332349,107.3422674041,104.6587107190,102.0422429510,99.4911868772,97.0039072053,94.5788095251,92.2143392870,89.9089808048,87.6612562847,85.4697248776,83.3329817557,81.2496572118,79.2184157815,77.2379553869
"Upper limit of Control Rate",1.2000000000
"Exponent of control cost function",2.8000000000
"* EMISSIONS"
"Sigma (Industrial MTCO2 per 1000 USD [2000]",0.5491283629,0.5223470566,0.4969958753,0.4729924767,0.4502595776,0.4287246247,0.4083194879,0.3889801750,0.3706465648,0.3532621594,0.3367738526,0.3211317140,0.3062887878,0.2922009045,0.2788265058,0.2661264807,0.2540640126,0.2426044365,0.2317151053,0.2213652652,0.2115259393,0.2021698181,0.1932711580,0.1848056856,0.1767505086,0.1690840321,0.1617858808,0.1548368251,0.1482187134,0.1419144071,0.1359077209,0.1301833659,0.1247268972,0.1195246643,0.1145637642,0.1098319980,0.1053178301,0.1010103495,0.0968992340,0.0929747163,0.0892275518,0.0856489896,0.0822307434,0.0789649659,0.0758442239,0.0728614744,0.0700100435,0.0672836054,0.0646761628,0.0621820291,0.0597958109,0.0575123920,0.0553269182,0.0532347826,0.0512316129,0.0493132576,0.0474757750,0.0457154213,0.0440286402,0.0424120528
"Initial Sigma",0.5491283629
"Growth Rate of Sigma","-0.01000","-0.01000","-0.01000","-0.01000","-0.01000","-0.01000","-0.01000","-0.01000","-0.01000","-0.01000","-0.01000","-0.01000","-0.01000","-0.01000","-0.01000","-0.01000","-0.01000","-0.01000","-0.01000","-0.01000","-0.01000","-0.01000","-0.01000","-0.01000","-0.01000","-0.01000","-0.01000","-0.01000","-0.01000","-0.01000","-0.01000","-0.01000","-0.01000","-0.01000","-0.01000","-0.01000","-0.01000","-0.01000","-0.01000","-0.01000","-0.01000","-0.01000","-0.01000","-0.01000","-0.01000","-0.01000","-0.01000","-0.01000","-0.01000","-0.01000","-0.01000","-0.01000","-0.01000","-0.01000","-0.01000","-0.01000","-0.01000","-0.01000","-0.01000","-0.01000"
"Carbon Emissions from Land Use Change",3.3000000000,2.6400000000,2.1120000000,1.6896000000,1.3516800000,1.0813440000,0.8650752000,0.6920601600,0.5536481280,0.4429185024,0.3543348019,0.2834678415,0.2267742732,0.1814194186,0.1451355349,0.1161084279,0.0928867423,0.0743093939,0.0594475151,0.0475580121,0.0380464097,0.0304371277,0.0243497022,0.0194797617,0.0155838094,0.0124670475,0.0099736380,0.0079789104,0.0063831283,0.0051065027,0.0040852021,0.0032681617,0.0026145294,0.0020916235,0.0016732988,0.0013386390,0.0010709112,0.0008567290,0.0006853832,0.0005483065,0.0004386452,0.0003509162,0.0002807330,0.0002245864,0.0001796691,0.0001437353,0.0001149882,0.0000919906,0.0000735925,0.0000588740,0.0000470992,0.0000376793,0.0000301435,0.0000241148,0.0000192918,0.0000154335,0.0000123468,0.0000098774,0.0000079019,0.0000063215
"Initial Carbon Emissions from Land",3.3000000000
"* PARTICIPATION"
"Proportion of World in Participation",1.0000000000,1.0000000000,1.0000000000,1.0000000000,1.0000000000,1.0000000000,1.0000000000,1.0000000000,1.0000000000,1.0000000000,1.0000000000,1.0000000000,1.0000000000,1.0000000000,1.0000000000,1.0000000000,1.0000000000,1.0000000000,1.0000000000,1.0000000000,1.0000000000,1.0000000000,1.0000000000,1.0000000000,1.0000000000,1.0000000000,1.0000000000,1.0000000000,1.0000000000,1.0000000000,1.0000000000,1.0000000000,1.0000000000,1.0000000000,1.0000000000,1.0000000000,1.0000000000,1.0000000000,1.0000000000,1.0000000000,1.0000000000,1.0000000000,1.0000000000,1.0000000000,1.0000000000,1.0000000000,1.0000000000,1.0000000000,1.0000000000,1.0000000000,1.0000000000,1.0000000000,1.0000000000,1.0000000000,1.0000000000,1.0000000000,1.0000000000,1.0000000000,1.0000000000,1.0000000000
"* SCALING"
"Multiplicative Scaling Coefficient in Utility Function",0.0164086620
"Additive Scaling Coefficient in Utility Function",-3855.1068950000
"* POPULATION"
"Population (millions)",6838.0000000000,7242.4909902817,7612.0624490151,7947.3144083379,8249.5494073664,8520.5561633235,8762.4308785046,8977.4350979826,9167.8866567272,9336.0791290480,9484.2248989409,9614.4171827133,9728.6068217838,9828.5902665064,9916.0057923350,9992.3355707251,10058.9117304096,10116.9249798906,10167.4347198162,10211.3798609328,10249.5897887346,10282.7950896782,10311.6377853629,10336.6809188678,10358.4174087482,10377.2781370437,10393.6392729400,10407.8288573315,10420.1326885111,10430.7995579180,10440.0458890952,10448.0598341152,10455.0048807149,10461.0230210058,10466.2375294065,10470.7553937935,10474.6694400288,10478.0601862010,10480.9974592226,10483.5418029352,10485.7457036401,10487.6546559950,10489.3080895277,10490.7401735831,10491.9805163496,10493.0547716735,10493.9851656540,10494.7909534956,10495.4888157582,10496.0932019719,10496.6166285535,10497.0699370635,10497.4625180506,10497.8025050483,10498.0969426852,10498.3519323512,10498.5727584062,10498.7639975228,10498.9296134125,10499.0730388838
"** Global Parameters"
"* CARBON LIMITS"
"Maximum Carbon Resources (GtC)",6000.0000000000
"* CARBON CYCLE INITIAL CONDITIONS"
"Initial Concentration of CO2 (GtC).."
"...Atmospheric, Year 2007",830.4000000000
"...Atmospheric, Year 2012","Not Supported ?"
"...Biosphere and Shallow Oceans, Year 2008",1527.0000000000
"...Deep Oceans, Year 2008",10010.0000000000
"* CARBON CYCLE PARAMETERS"
"AtA b11",0.9120000000
"BtA b21",0.0383288889
"AtB b12",0.0880000000
"BtB b22",0.9591711111
"DtB b32",0.0003375000
"BtD b23",0.0025000000
"DtD b33",0.9996625000
"* TEMPERATURE DATA"
"Exogenous Forcing (Watts per Square Meter)",0.2500000000,0.2750000000,0.3000000000,0.3250000000,0.3500000000,0.3750000000,0.4000000000,0.4250000000,0.4500000000,0.4750000000,0.5000000000,0.5250000000,0.5500000000,0.5750000000,0.6000000000,0.6250000000,0.6500000000,0.6750000000,0.7000000000,0.7000000000,0.7000000000,0.7000000000,0.7000000000,0.7000000000,0.7000000000,0.7000000000,0.7000000000,0.7000000000,0.7000000000,0.7000000000,0.7000000000,0.7000000000,0.7000000000,0.7000000000,0.7000000000,0.7000000000,0.7000000000,0.7000000000,0.7000000000,0.7000000000,0.7000000000,0.7000000000,0.7000000000,0.7000000000,0.7000000000,0.7000000000,0.7000000000,0.7000000000,0.7000000000,0.7000000000,0.7000000000,0.7000000000,0.7000000000,0.7000000000,0.7000000000,0.7000000000,0.7000000000,0.7000000000,0.7000000000,0.7000000000
"2000 Forcings, non-CO2 GHG",0.2500000000
"2100 Forcings, non-CO2 GHG",0.7000000000
"Initial Temperature (2008-2011)",0.8000000000
"Initial Temperature of Deep Oceans (deg C above 1900 level)",0.0068000000
"* CLIMATE MODEL PARAMETERS"
"Temperature Sensitivity Coefficient (temp increase per doubling CO2)",2.9000000000
"Forcings at CO2 doubling (Watts per Meter 2)",3.8000000000
"* CLIMATE MODULE TRANSITION PARAMETERS"
"Speed of Adjustment Parameter for Atmospheric Temperature",0.0980000000
"Coefficient of Heat Loss from Atmosphere to Oceans",0.0880000000
"Coefficient of Heat Gain by Deep Oceans",0.0250000000
"** Global Environmental Variables"
"* CARBON CYCLE"
"Atmospheric concentration of carbon (GTC)",830.4000000000,866.1173706517,904.3555223129,945.3705700283,989.2892760629,1036.1350680544,1085.8492733141,1138.3084299440,1193.3383995707,1250.7258777872,1310.2277870241,1371.5789440415,1434.4983184993,1498.6941374133,1563.8680399400,1629.7184454277,1695.9432626342,1762.2420374205,1828.3176070667,1893.8772980494,1958.6336645705,2022.3080101318,2084.6300520782,2145.3377063064,2204.1768971986,2260.9013409490,2315.2722752465,2367.0581235015,2416.0340904361,2461.9816904289,2504.6882130167,2543.9461307964,2579.5524559413,2611.3080515283,2639.0169043954,2662.4853667403,2681.5213740836,2695.9336488129,2705.5308993784,2710.1210266020,2709.5103474557,2703.5028397772,2691.8993907235,2674.4969787988,2651.0875942957,2621.4564366916,2523.4753261405,2436.5010303785,2359.1751971095,2290.3131018771,2228.8870439983,2174.0135746465,2124.5907206368,2080.0215196990,2039.7648399237,2003.3345624498,1970.2967927697,1945.8608401209,1972.3194849033,2052.7366192639
"Atmospheric concentration of carbon (ppm)",389.8591549296,406.6278735454,424.5800574239,443.8359483701,464.4550591845,486.4483887580,509.7883912273,534.4171032601,560.2527697515,587.1952477874,615.1304164432,643.9337765453,673.4733889668,703.6122710861,734.2103473897,765.1260307173,796.2174941944,827.3436795401,858.3650737402,889.1442713847,919.5463213946,949.4403803436,978.6995549663,1007.2008010828,1034.8248343656,1061.4560286145,1086.9822888481,1111.2948936627,1134.2883053690,1155.8599485582,1175.9099591628,1194.3409064772,1211.0574910522,1225.9662213748,1238.9750724861,1249.9931299250,1258.9302225745,1265.6965487385,1270.2023001777,1272.3572894845,1272.0705856599,1269.2501595198,1263.8025308561,1255.6323844126,1244.6420630496,1230.7307214515,1184.7302000660,1143.8971973608,1107.5939892533,1075.2643670784,1046.4258422527,1020.6636500688,997.4604322239,976.5359247413,957.6360750816,940.5326584271,925.0219684365,913.5496901976,925.9715891565,963.7261123305
"Concentration in biosphere and upper oceans (GTC)",1527.0000000000,1541.1078616667,1557.7829918389,1577.1424123785,1599.3209075607,1624.4589159080,1652.6932059993,1684.1498015985,1718.9387190176,1757.1501612590,1798.8518804513,1844.0874745309,1892.8754281879,1945.2087437029,2001.0550360276,2060.3569895823,2123.0330927709,2188.9785808955,2258.0665295506,2330.1490489342,2405.0585347836,2482.6089332086,2562.5972637655,2644.8050508102,2728.9996774501,2814.9356674776,2902.3558958842,2990.9927261517,3080.5690715516,3170.7993775162,3261.3905223862,3352.0426343398,3442.4498228558,3532.3008236804,3621.2795568516,3709.0655979483,3795.3345633542,3879.7584109702,3962.0056585569,4041.7415226886,4118.6279821874,4192.3237706553,4262.4843028458,4328.7615379008,4390.8037761886,4448.2553694323,4500.7562840409,4542.4939024780,4574.8763212900,4599.1346019079,4616.3452792349,4627.4504899265,4633.2761547959,4634.5174944305,4631.7888071965,4625.6316868629,4616.5228327175,4604.8812953372,4591.5674326544,4581.1282376837
"Concentration in deep oceans (GTC)",10010.0000000000,10010.4391250000,10010.9133714495,10011.4291456662,10011.9931443605,10012.6123989432,10013.2942895483,10014.0465357406,10014.8771695388,10015.7944952916,10016.8070400526,10017.9234973777,10019.1526668836,10020.5033914290,10021.9844933937,10023.6047112172,10025.3726371012,10027.2966565681,10029.3848903987,10031.6451393221,10034.0848317099,10036.7109744162,10039.5301067953,10042.5482585437,10045.7709111334,10049.2029626446,10052.8486958134,10056.7117491182,10060.7950907183,10065.1009950541,10069.6310219120,10074.3859977481,10079.3659990597,10084.5703375922,10089.9975471624,10095.6453718824,10101.5107555642,10107.5898320926,10113.8779165517,10120.3694969013,10127.0582260028,10133.9369138070,10140.9975195252,10148.2311436195,10155.6280194533,10163.1775044372,10170.8680704530,10178.6872931893,10186.6082209841,10194.6074315127,10202.6645880094,10210.7620519090,10218.8845459413,10227.0188627940,10235.1535376639,10243.2786453629,10251.3856180373,10259.4670824730,10267.5167155710,10275.5303472611
"* CUMULATIVE EMISSIONS"
" Cumulative Emissions to date",90.0000000000,135.7635389877,187.5504126062,245.5601313463,309.9169122721,380.6764320054,457.8319898109,541.3201257118,631.0257565395,726.7868907371,828.3989743168,935.6189110506,1048.1687913206,1165.7393564145,1287.9932181261,1414.5678469085,1545.0783347206,1679.1199303250,1816.2703330381,1956.0917127927,2098.1323939230,2241.9313897131,2387.0193818736,2532.9197647174,2679.1496666973,2825.2208974726,2970.6407897347,3114.9129186733,3257.5376902968,3398.0127947413,3535.8335243780,3670.4929582041,3801.4820157820,3928.2893848104,4050.4013276865,4167.3013736621,4278.4699043443,4383.3836426190,4481.5150567509,4572.3316936724,4655.2954552997,4729.8618256320,4795.4790358779,4851.5871002151,4897.6165235238,4932.9861990995,4895.1963731345,4857.7787617153,4820.7561495886,4784.1514451310,4747.9931407786,4712.3222817803,4676.8475352820,4641.6539497193,4606.8032246901,4572.3409082699,4538.3012360692,4510.3051936363,4531.4995953622,4609.4911556649
"Ratio To Max",0.0150000000,0.0226272565,0.0312584021,0.0409266886,0.0516528187,0.0634460720,0.0763053316,0.0902200210,0.1051709594,0.1211311485,0.1380664957,0.1559364852,0.1746947986,0.1942898927,0.2146655364,0.2357613078,0.2575130558,0.2798533217,0.3027117222,0.3260152855,0.3496887323,0.3736552316,0.3978365636,0.4221532941,0.4465249444,0.4708701496,0.4951067983,0.5191521531,0.5429229484,0.5663354658,0.5893055874,0.6117488264,0.6335803360,0.6547148975,0.6750668879,0.6945502289,0.7130783174,0.7305639404,0.7469191761,0.7620552823,0.7758825759,0.7883103043,0.7992465060,0.8085978500,0.8162694206,0.8221643665,0.8158660622,0.8096297936,0.8034593583,0.7973585742,0.7913321901,0.7853870470,0.7794745892,0.7736089916,0.7678005374,0.7620568180,0.7563835393,0.7517175323,0.7552499326,0.7682485259
"* CLIMATE MODULE"
"Atmospheric Temperature (deg C above preindustrial)",0.8000000000,0.9254555636,1.0595507473,1.2017434536,1.3515150876,1.5083122687,1.6715202127,1.8404572476,2.0143824498,2.1925104995,2.3740295842,2.5581195590,2.7439686360,2.9307876541,3.1178215278,3.3043578391,3.4897327527,3.6733345620,3.8546052143,4.0305901717,4.2011726661,4.3662397297,4.5256858525,4.6794150476,4.8273417353,4.9693907586,5.1054967596,5.2356030930,5.3596604069,5.4776249863,5.5894569281,5.6951181951,5.7945705776,5.8877735774,5.9746822166,6.0552447627,6.1294003514,6.1970764798,6.2581863331,6.3126258956,6.3602707880,6.4009727520,6.4345556813,6.4608110576,6.4794925747,6.4903095991,6.4798984503,6.4527744896,6.4127248894,6.3629095920,6.3059511975,6.2440154996,6.1787947678,6.1116756002,6.0437805982,5.9760062996,5.9090572275,5.8450230730,5.7974397780,5.7782433653
"Total Increase in Forcing (Watts per Meter2, preindustrial)",2.1423630968,2.3982362740,2.6600807617,2.9282424337,3.2021898759,3.4808312811,3.7627560265,4.0464131303,4.3302375756,4.6127347576,4.8925324429,5.1684084864,5.4393012239,5.7043080930,5.9626767443,6.2137917912,6.4571594130,6.6923913008,6.9191888717,7.1123282523,7.2966462005,7.4720358040,7.6384326122,7.7958034824,7.9441374196,8.0834379177,8.2137164542,8.3349868734,8.4472604545,8.5505414954,8.6448232700,8.7300842320,8.8062843521,8.8733614791,8.9312276208,8.9797650368,9.0188220326,9.0482083332,9.0676899004,9.0769830347,9.0757475668,9.0635788843,9.0399984352,9.0044421524,8.9562458592,8.8946259426,8.6857908969,8.4935065354,8.3166990993,8.1542957570,8.0052546913,7.8685969762,7.7425281755,7.6262994982,7.5191561504,7.4203581977,7.3291946357,7.2607778167,7.3348197771,7.5539097902
"Lower Ocean Temperature (deg C above preindustrial)",0.0068000000,0.0266300000,0.0491006391,0.0743618918,0.1025464308,0.1337706473,0.1681341878,0.2057188384,0.2465872986,0.2907821774,0.3383253855,0.3892179904,0.4434405297,0.5009537323,0.5616995804,0.6256026290,0.6925715093,0.7625005404,0.8352713909,0.9107547365,0.9887506224,1.0690611735,1.1514906374,1.2358455178,1.3219347560,1.4095699305,1.4985654512,1.5887387339,1.6799103429,1.7719040945,1.8645471168,1.9576698621,2.0511060704,2.1446926831,2.2382697054,2.3316800182,2.4247691368,2.5173849172,2.6093772062,2.7005974344,2.7908981459,2.8801324620,2.9681534692,3.0548135246,3.1399634629,3.2234516907,3.3051231384,3.3844925212,3.4611995704,3.5349877034,3.6056857506,3.6731923868,3.7374629646,3.7984962597,3.8563257432,3.9110121145,3.9626369692,4.0112974756,4.0571406156,4.1006480946
"** Economic Endogenous Variables"
"* OUTPUT"
"Gross Output (trillion USD)",63.5819868191,75.8595689780,89.5887663554,104.7859561597,121.4652394817,139.6382322608,159.3138369667,180.4980351973,203.1937164745,227.4005478321,253.1148845777,280.3297204526,309.0346736931,339.2160029097,370.8566424998,403.9362395202,438.4311609373,474.3144151077,511.5553851235,550.1191830543,589.9788149310,631.1038631211,673.4612098702,717.0155852762,761.7300024283,807.5661156893,854.4845272983,902.4450573111,951.4069841466,1001.3292631959,1052.1707237287,1103.8902484378,1156.4469366261,1209.8002593533,1263.9102223163,1318.7375642299,1374.2440564215,1430.3930162774,1487.1502591128,1544.4858957342,1602.3777201174,1660.8175490128,1719.8229745590,1779.4588579532,1839.8762797620,1901.3820830443,1959.3326401077,2017.2060525429,2074.8424258248,2131.7468354137,2186.9319454703,2261.2591142967,2331.9514069242,2399.9864675088,2466.0330788684,2530.5454234198,2593.8281332712,2656.1487779878,2717.9641048529,2778.8611166079
"Climate Damages (fraction of gross output)",0.0017088000,0.0022867696,0.0029974696,0.0038559802,0.0048770034,0.0060742658,0.0074599261,0.0090440453,0.0108341569,0.0128349631,0.0150481640,0.0174724151,0.0201034015,0.0229340084,0.0259545656,0.0291531445,0.0325158866,0.0360273428,0.0396708102,0.0433759045,0.0471251042,0.0509010118,0.0546864926,0.0584647902,0.0622196194,0.0659352348,0.0695964794,0.0731888111,0.0766983123,0.0801116826,0.0834162168,0.0865997713,0.0896507186,0.0925578935,0.0953105297,0.0978981910,0.1003106949,0.1025380309,0.1045702728,0.1063974860,0.1080096288,0.1093964473,0.1105473632,0.1114513523,0.1120968101,0.1124713969,0.1121108541,0.1111742573,0.1097985182,0.1080992713,0.1061726047,0.1040972379,0.1019339378,0.0997313850,0.0975278481,0.0953527790,0.0932282760,0.0912186669,0.0897395223,0.0891462174
"Climate damages (trillion USD)",0.1086488991,0.1734733532,0.2685396027,0.4040525687,0.5923863854,0.8481997319,1.1884694542,1.6324324052,2.2014325985,2.9186776439,3.8089142854,4.8980372296,6.2126481375,7.7795826769,9.6254230492,11.7760115779,14.2559779155,17.0882880123,20.2938166038,23.8619171712,27.8028131459,32.1238252071,36.8292314723,41.9201657991,47.3945508153,53.2470614916,59.4691148207,66.0488808503,72.9713100318,80.2181720717,87.7681011655,95.5966430048,103.6762989342,111.9765635064,120.4639527349,129.1020219319,137.8513763187,146.6696833237,155.5117082909,164.3294164902,173.0722227583,181.6875394715,190.1218950059,198.3230961236,206.2442620259,213.8510989339,219.6624557174,224.2613847076,227.8146237564,230.4402795725,232.1922610613,235.3908280255,237.7049895916,239.3539743219,240.5068994403,241.2945383903,241.8181252087,242.2903506513,243.9088004156,247.7249571084
"Output post-damages yet pre-abatement",63.4733379201,75.6860956248,89.3202267528,104.3819035910,120.8728530963,138.7900325288,158.1253675125,178.8656027922,200.9922838760,224.4818701882,249.3059702923,275.4316832230,302.8220255556,331.4364202328,361.2312194506,392.1602279422,424.1751830219,457.2261270955,491.2615685197,526.2572658831,562.1760017850,598.9800379141,636.6319783979,675.0954194771,714.3354516130,754.3190541977,795.0154124776,836.3961764608,878.4356741148,921.1110911242,964.4026225632,1008.2936054330,1052.7706376919,1097.8236958470,1143.4462695815,1189.6355422980,1236.3926801028,1283.7233329537,1331.6385508219,1380.1564792440,1429.3054973592,1479.1300095413,1529.7010795531,1581.1357618296,1633.6320177361,1687.5309841104,1739.6701843902,1792.9446678352,1847.0278020684,1901.3065558412,1954.7396844090,2025.8682862712,2094.2464173327,2160.6324931869,2225.5261794281,2289.2508850294,2352.0100080625,2413.8584273365,2474.0553044374,2531.1361594995
"Abatement cost (fraction of gross output)","0","0","0","0","0","0","0","0","0","0","0","0","0","0","0","0","0","0","0","0","0","0","0","0","0","0","0","0","0","0","0","0","0","0","0","0","0","0","0","0","0","0","0","0","0","0","0","0","0","0","0","0","0","0","0","0","0","0","0","0"
"Abatement cost (trillion USD)",0.0004860163,0.0006525460,0.0008674545,0.0011423428,0.0014912584,0.0019311654,0.0024824989,0.0031698169,0.0040225668,0.0050759859,0.0063721589,0.0079612574,0.0099029914,0.0122683103,0.0151413903,0.0186219569,0.0228279938,0.0278988958,0.0339991242,0.0413224212,0.0500977610,0.0605946383,0.0731299784,0.0880761872,0.1058705300,0.1270260546,0.1521443109,0.1819301580,0.2172089991,0.2589468351,0.3082735945,0.3665102694,0.4352004698,0.5161471152,0.6114550993,0.7235809144,0.8553904224,1.0102262284,1.1919865411,1.4052181046,1.6552270494,1.9482139128,2.2914437768,2.6934717109,3.1644622437,9.0757590850,8.7617073552,8.4524839684,8.1481463172,7.8475589365,7.5482228491,7.3190558656,7.0795212979,6.8352878797,6.5901314018,6.3465775833,5.6434671053,2.4013655223,0.5488772373,0.0000000000
"Output (Net of Damages and Abatement, trillion USD pa) ",63.4728519038,75.6854430788,89.3193592982,104.3807612482,120.8713618379,138.7881013634,158.1228850135,178.8624329752,200.9882613093,224.4767942023,249.2995981334,275.4237219656,302.8121225642,331.4241519225,361.2160780603,392.1416059853,424.1523550280,457.1982281997,491.2275693955,526.2159434618,562.1259040241,598.9194432758,636.5588484195,675.0073432899,714.2295810830,754.1920281431,794.8632681667,836.2142463028,878.2184651157,920.8521442891,964.0943489687,1007.9270951636,1052.3354372222,1097.3075487318,1142.8348144822,1188.9119613836,1235.5372896804,1282.7131067252,1330.4465642807,1378.7512611395,1427.6502703097,1477.1817956285,1527.4096357763,1578.4422901187,1630.4675554924,1678.4552250254,1730.9084770350,1784.4921838669,1838.8796557512,1893.4589969046,1947.1914615599,2018.5492304056,2087.1668960347,2153.7972053072,2218.9360480263,2282.9043074462,2346.3665409572,2411.4570618142,2473.5064272001,2531.1361594995
"* EMISSIONS"
"Total Carbon Emissions (GTCO2 per year)",36.8538267858,40.6101357370,44.6447257803,48.8759917748,53.2325598685,57.6517989830,62.0785764425,66.4642286829,70.7657117217,74.9448981830,78.9679924151,82.8050400555,86.4295126001,89.8179508255,92.9496533581,95.8063980917,98.3721846395,100.6329846631,102.5764831512,104.1917854168,105.4714701229,106.4089529798,106.9985104032,107.2352438934,107.1150102139,106.6343320541,105.7902985758,104.5804614648,103.0027297070,101.0552654723,98.7363820835,96.0444451778,92.9777775010,89.5345681402,85.7127870080,81.5101053353,76.9238238142,71.9508095706,66.5874435740,60.8295783316,54.6725013729,48.1108894685,41.1387135050,33.7489977563,25.9332258012,-27.7073566622,-27.4344777043,-27.1448872208,-26.8384957158,-26.5112098773,-26.1538267183,-26.0100464532,-25.8039067911,-25.5525274766,-25.2677511075,-24.9578722241,-20.5266859650,15.5397452228,57.1834199159,117.8572106407
"Industrial Emissions (GTCO2 per year)",33.5538267858,37.9701357370,42.5327257803,47.1863917748,51.8808798685,56.5704549830,61.2135012425,65.7721685229,70.2120635937,74.5019796806,78.6136576132,82.5215722140,86.2027383268,89.6365314069,92.8045178233,95.6902896638,98.2792978971,100.5586752693,102.5170356361,104.1442274047,105.4334237133,106.3785158521,106.9741607011,107.2157641316,107.0994264045,106.6218650065,105.7803249377,104.5724825544,102.9963465787,101.0501589696,98.7322968813,96.0411770161,92.9751629716,89.5324765168,85.7111137093,81.5087666963,76.9227529030,71.9499528416,66.5867581908,60.8290300251,54.6720627277,48.1105385523,41.1384327721,33.7487731699,25.9330461321,-27.7075003975,-27.4345926926,-27.1449792113,-26.8385693083,-26.5112687512,-26.1538738175,-26.0100841326,-25.8039369346,-25.5525515914,-25.2677703993,-24.9578876576,-20.5266983118,15.5397353454,57.1834120140,117.8572043191
"World Emissions Intensity (sigma)",0.5277253585,0.5005319203,0.4747551229,0.4503121745,0.4271253248,0.4051215349,0.3842321697,0.3643927118,0.3455424942,0.3276244512,0.3105848862,0.2943732548,0.2789419624,0.2642461754,0.2502436445,0.2368945400,0.2241612975,0.2120084738,0.2004026125,0.1893121175,0.1787071350,0.1685594433,0.1588423492,0.1495305909,0.1406002469,0.1320286512,0.1237943129,0.1158768412,0.1082568746,0.1009160150,0.0938367649,0.0870024689,0.0803972582,0.0740059988,0.0678142420,0.0618081784,0.0559745938,0.0503008278,0.0447747346,0.0393846459,0.0341193353,0.0289679854,0.0239201554,0.0189657508,0.0140949945,-0.0145722949,-0.0140020087,-0.0134567211,-0.0129352326,-0.0124364058,-0.0119591622,-0.0115024784,-0.0110653836,-0.0106469565,-0.0102463226,-0.0098626515,-0.0079136694,0.0058504763,0.0210390608,0.0424120528
"* CAPITAL ACCUMULATION"
"Gross Investment (trillion 2005USD per year)",16.3848139937,19.3244053751,22.5778408477,26.1480193450,30.0371904400,34.2467723277,38.7772021688,43.6278366338,48.7969038421,54.2815017747,60.0776352979,66.1802822959,72.5834770931,79.2803957358,86.2634200997,93.5241452738,101.0532679594,108.8402445831,116.8725113461,125.1551376347,133.6819028141,142.4467572220,151.4439553616,160.6681643612,170.1145478585,179.7788332145,189.6573639857,199.7471367164,210.0458285823,220.5518106834,231.2641549154,242.1826330960,253.3077216647,264.6406303337,276.1833853832,287.9390483799,299.9121921550,312.1098947862,324.5437078912,337.2334413909,350.2143167557,363.5503035918,377.3585934651,391.8542661263,407.4307427105,416.1179026505,428.2129419020,440.0849128725,451.0897100006,460.0963055233,502.9170000055,521.3471522240,539.0695956646,556.2787483906,573.1026879008,589.6242913272,606.0151993201,622.8266583494,638.8526533828,653.7371537780
"Capital (trillion 2005USD per year)",135.0000000000,161.6402199685,192.0689603645,226.3040046439,264.3703484271,306.2939992427,352.0974052515,401.7960076709,455.3957077386,512.8911306732,574.2645926249,639.4856757888,708.5113081762,781.2862278307,857.7436833507,937.8061680804,1021.3858905587,1108.3844943132,1198.6911829624,1292.1777133578,1388.7937061343,1488.4783096059,1591.1653431490,1696.7870002838,1805.2765776038,1916.5705056015,2030.6098839253,2147.3416502877,2266.7194546606,2388.7043136941,2513.2650636100,2640.3786619881,2770.0303615974,2902.2138365432,3036.9314000091,3174.1945493072,3314.0253813199,3456.4598081907,3601.5544260695,3749.4004125056,3900.1506565347,4054.0715449557,4211.6402245397,4373.7244035141,4541.9118536627,4719.1072440218,4867.1751497749,5015.0829637004,5161.7809035981,5303.4285557688,5432.1030555124,5722.1875332772,5985.6302776447,6229.8028009694,6460.0299978974,6680.0965529626,6892.6516701947,7100.1178813336,7306.6818994954,7508.7858617471
"* DISCOUNT RATES"
"Utility Discount Rate (per year)",0.0150000000,0.0150000000,0.0150000000,0.0150000000,0.0150000000,0.0150000000,0.0150000000,0.0150000000,0.0150000000,0.0150000000,0.0150000000,0.0150000000,0.0150000000,0.0150000000,0.0150000000,0.0150000000,0.0150000000,0.0150000000,0.0150000000,0.0150000000,0.0150000000,0.0150000000,0.0150000000,0.0150000000,0.0150000000,0.0150000000,0.0150000000,0.0150000000,0.0150000000,0.0150000000,0.0150000000,0.0150000000,0.0150000000,0.0150000000,0.0150000000,0.0150000000,0.0150000000,0.0150000000,0.0150000000,0.0150000000,0.0150000000,0.0150000000,0.0150000000,0.0150000000,0.0150000000,0.0150000000,0.0150000000,0.0150000000,0.0150000000,0.0150000000,0.0150000000,0.0150000000,0.0150000000,0.0150000000,0.0150000000,0.0150000000,0.0150000000,0.0150000000,0.0150000000,0.0150000000
"First Period gross MPK",0.1412933040,0.1407933663,0.1399321882,0.1389095473,0.1378353210,0.1367688227,0.1357412761,0.1347684136,0.1338574649,0.1330110042,0.1322290567,0.1315102422,0.1308523958,0.1302529051,0.1297089036,0.1292173969,0.1287753723,0.1283799307,0.1280284845,0.1277190848,0.1274441580,0.1271977950,0.1269750902,0.1267717607,0.1265839282,0.1264079949,0.1262405744,0.1260784548,0.1259185801,0.1257580426,0.1255940815,0.1254240838,0.1252455878,0.1250562840,0.1248540111,0.1246367427,0.1244025526,0.1241495428,0.1238757006,0.1235786306,0.1232550633,0.1228999684,0.1225049778,0.1220556231,0.1215265513,0.1208734185,0.1207681610,0.1206683559,0.1205887540,0.1205869079,0.1207781916,0.1185521674,0.1168774865,0.1155728300,0.1145211282,0.1136456069,0.1128953670,0.1122297752,0.1115950089,0.1110243853
"* WELFARE"
"Consumption (trillion USD per year)",47.0880379101,56.3610377037,66.7415184506,78.2327419032,90.8341713979,104.5413290357,119.3456828448,135.2345963414,152.1913574672,170.1952924276,189.2219628354,209.2434396697,230.2286454711,252.1437561867,274.9526579605,298.6174607115,323.0990870686,348.3579836166,374.3550580494,401.0608058271,428.4440012099,456.4726860538,485.1148930579,514.3391789287,544.1150332246,574.4131949286,605.2059041810,636.4671095863,668.1726365334,700.3003336057,732.8301940533,765.7444620676,799.0277155575,832.6669183981,866.6514290990,900.9729130037,935.6250975254,970.6032119391,1005.9028563896,1041.5178197486,1077.4359535540,1113.6314920367,1150.0510423112,1186.5880239924,1223.0368127819,1262.3373223749,1302.6955351331,1344.4072709943,1387.7899457505,1433.3626913813,1444.2744615544,1497.2020781816,1548.0973003701,1597.5184569166,1645.8333601255,1693.2800161190,1740.3513416371,1788.6304034648,1834.6537738173,1877.3990057215
"Consumption Per Capita (thousand USD per year)",6.8862295862,7.7819962468,8.7678627044,9.8439218437,11.0108039739,12.2693081334,13.6201568377,15.0638344767,16.6004841863,18.2298468206,19.9512311076,21.7635074174,23.6651197534,25.6541120700,27.7281663322,29.8846509505,32.1206802215,34.4331883758,36.8190274504,39.2758678346,41.8010876573,44.3918878158,47.0453775778,49.7586394478,52.5287803873,55.3529728454,58.2284884330,61.1527263093,64.1232368634,67.1377423866,70.1941544930,73.2905892793,76.4253794880,79.5970830698,82.8044869672,86.0466011399,89.3226371373,92.6319561723,95.9739624309,99.3478959045,102.7524397411,106.1849887859,109.6403149279,113.1081319677,116.5687270269,120.3021760434,124.1373524518,128.1023392416,132.2272807024,136.5615437858,137.5942851552,142.6304756621,147.4734773006,152.1764632311,156.7744486559,161.2900793410,165.7702796072,170.3658072404,174.7467447990,178.8156915157
"Utility of Consumption",0.2896213610,0.3395559569,0.3856849364,0.4281466877,0.4671840263,0.5030739305,0.5360935987,0.5665051433,0.5945496574,0.6204458561,0.6443908444,0.6665617717,0.6871177652,0.7062018570,0.7239427813,0.7404566052,0.7558481952,0.7702125491,0.7836360395,0.7962013465,0.8079812292,0.8190404776,0.8294372578,0.8392240842,0.8484485621,0.8571539768,0.8653797793,0.8731619961,0.8805335827,0.8875247316,0.8941631442,0.9004742710,0.9064815244,0.9122064656,0.9176689680,0.9228873518,0.9278784884,0.9326578602,0.9372395564,0.9416361671,0.9458585072,0.9499150503,0.9538108806,0.9575457955,0.9611109854,0.9647891030,0.9683989896,0.9719648909,0.9755086701,0.9790635864,0.9798865722,0.9837751812,0.9873313060,0.9906261885,0.9937078030,0.9966092634,0.9993738405,1.0020992388,1.0045999233,1.0068424297
"Total Discounted Utility (trillions 2000USD)",2668.2118865871
"** CONTROL VARIABLES"
"Savings Rate (proportion of gross output)",0.2581389287,0.2553252592,0.2527765652,0.2505061185,0.2485054357,0.2467558241,0.2452345982,0.2439183897,0.2427848449,0.2418134220,0.2409856885,0.2402853386,0.2396980559,0.2392112804,0.2388138993,0.2384958491,0.2382475702,0.2380592003,0.2379192835,0.2378398815,0.2378148772,0.2378395940,0.2379103766,0.2380243207,0.2381790847,0.2383727572,0.2386037594,0.2388707650,0.2391726398,0.2395083858,0.2398770983,0.2402779271,0.2407100557,0.2411727055,0.2416651837,0.2421870229,0.2427382764,0.2433201104,0.2439359209,0.2445933874,0.2453081991,0.2461107392,0.2470578846,0.2482537807,0.2498858326,0.2479171898,0.2473920185,0.2466163298,0.2453068142,0.2429924843,0.2582781457,0.2582781457,0.2582781457,0.2582781457,0.2582781457,0.2582781457,0.2582781457,0.2582781457,0.2582781457,0.2582781457
"Carbon Price (per t CO2)",1.0000000000,1.1040808032,1.2189944200,1.3458683383,1.4859473960,1.6406059945,1.8113615841,1.9998895527,2.2080396636,2.4378542053,2.6915880291,2.9717306730,3.2810307884,3.6225231081,3.9995582228,4.4158354551,4.8754391561,5.3828787794,5.9431331263,6.5616991956,7.2446461183,7.9986747051,8.8311831930,9.7503398329,10.7651630342,11.8856098494,13.1226736690,14.4884920846,15.9964659780,17.6613910053,19.4996027668,21.5291370848,23.7699069648,26.2438979737,28.9753839539,31.9911651888,35.3208313570,38.9970518543,43.0558963337,47.5371886067,52.4848973787,57.9475676538,63.9787970386,70.6377616222,77.9897965881,152.8594849383,149.0379978148,145.3120478695,141.6792466727,138.1372655059,134.6838338683,131.3167380216,128.0338195710,124.8329740817,121.7121497297,118.6693459865,109.9855989787,63.4998552543,24.5956615891,0.0000000000
"Carbon Price (per t CO2) [repeat]",1.0000000000,1.1040808032,1.2189944200,1.3458683383,1.4859473960,1.6406059945,1.8113615841,1.9998895527,2.2080396636,2.4378542053,2.6915880291,2.9717306730,3.2810307884,3.6225231081,3.9995582228,4.4158354551,4.8754391561,5.3828787794,5.9431331263,6.5616991956,7.2446461183,7.9986747051,8.8311831930,9.7503398329,10.7651630342,11.8856098494,13.1226736690,14.4884920846,15.9964659780,17.6613910053,19.4996027668,21.5291370848,23.7699069648,26.2438979737,28.9753839539,31.9911651888,35.3208313570,38.9970518543,43.0558963337,47.5371886067,52.4848973787,57.9475676538,63.9787970386,70.6377616222,77.9897965881,152.8594849383,149.0379978148,145.3120478695,141.6792466727,138.1372655059,134.6838338683,131.3167380216,128.0338195710,124.8329740817,121.7121497297,118.6693459865,109.9855989787,63.4998552543,24.5956615891,0.0000000000
"Carbon Price (per t C)",3.6660000000,4.0475602245,4.4688335437,4.9339533283,5.4474831537,6.0144615757,6.6404515673,7.3315951001,8.0946734068,8.9371735166,9.8673617146,10.8943646473,12.0282588701,13.2801697145,14.6623804450,16.1884527785,17.8733599462,19.7336336053,21.7875260410,24.0551892511,26.5588726695,29.3231414690,32.3751175855,35.7447458275,39.4650876834,43.5726457078,48.1077216706,53.1148119823,58.6430442752,64.7466594254,71.4855437430,78.9258165529,87.1404789329,96.2101299715,106.2237575749,117.2796115823,129.4861677547,142.9631920979,157.8429159595,174.2713334320,192.4096337903,212.4357830187,234.5462699437,258.9580341070,285.9105942919,560.3828717838,546.3732999892,532.7139674895,519.3961183022,506.4112153447,493.7509349610,481.4071615870,469.3719825473,457.6376829837,446.1967409091,435.0418223863,403.2072058561,232.7904693623,90.1676953856,0.0000000000
"Emissions Control Rate (total)",0.0389763230,0.0417636818,0.0447503762,0.0479506616,0.0513798127,0.0550541966,0.0589913510,0.0632100676,0.0677304823,0.0725741705,0.0777642510,0.0833254958,0.0892844483,0.0956695502,0.1025112773,0.1098422848,0.1176975630,0.1261146049,0.1351335843,0.1447975485,0.1551526230,0.1662482318,0.1781373337,0.1908766747,0.2045270590,0.2191536389,0.2348262264,0.2516196257,0.2696139907,0.2888952076,0.3095553045,0.3316928907,0.3554136278,0.3808307333,0.4080655216,0.4372479828,0.4685174032,0.5020230297,0.5379247828,0.5763940194,0.6176143510,0.6617825199,0.7091093380,0.7598206936,0.8141586290,1.2000000000,1.2000000000,1.2000000000,1.2000000000,1.2000000000,1.2000000000,1.2000000000,1.2000000000,1.2000000000,1.2000000000,1.2000000000,1.1666885775,0.8720240110,0.5221505662,0.0000000000
"Emissions Control Rate (participants)",0.0389763230,0.0417636818,0.0447503762,0.0479506616,0.0513798127,0.0550541966,0.0589913510,0.0632100676,0.0677304823,0.0725741705,0.0777642510,0.0833254958,0.0892844483,0.0956695502,0.1025112773,0.1098422848,0.1176975630,0.1261146049,0.1351335843,0.1447975485,0.1551526230,0.1662482318,0.1781373337,0.1908766747,0.2045270590,0.2191536389,0.2348262264,0.2516196257,0.2696139907,0.2888952076,0.3095553045,0.3316928907,0.3554136278,0.3808307333,0.4080655216,0.4372479828,0.4685174032,0.5020230297,0.5379247828,0.5763940194,0.6176143510,0.6617825199,0.7091093380,0.7598206936,0.8141586290,1.2000000000,1.2000000000,1.2000000000,1.2000000000,1.2000000000,1.2000000000,1.2000000000,1.2000000000,1.2000000000,1.2000000000,1.2000000000,1.1666885775,0.8720240110,0.5221505662,0.0000000000
"Carbon Price (Global Average)",1.0000000000,1.1040808032,1.2189944200,1.3458683383,1.4859473960,1.6406059945,1.8113615841,1.9998895527,2.2080396636,2.4378542053,2.6915880291,2.9717306730,3.2810307884,3.6225231081,3.9995582228,4.4158354551,4.8754391561,5.3828787794,5.9431331263,6.5616991956,7.2446461183,7.9986747051,8.8311831930,9.7503398329,10.7651630342,11.8856098494,13.1226736690,14.4884920846,15.9964659780,17.6613910053,19.4996027668,21.5291370848,23.7699069648,26.2438979737,28.9753839539,31.9911651888,35.3208313570,38.9970518543,43.0558963337,47.5371886067,52.4848973787,57.9475676538,63.9787970386,70.6377616222,77.9897965881,152.8594849383,149.0379978148,145.3120478695,141.6792466727,138.1372655059,134.6838338683,131.3167380216,128.0338195710,124.8329740817,121.7121497297,118.6693459865,109.9855989787,63.4998552543,24.5956615891,0.0000000000
"Interest Rate (Real Rate of Return)",0.0516417103,0.0507244351,0.0496526897,0.0485153570,0.0473608705,0.0462152168,0.0450920303,0.0439982151,0.0429370571,0.0419099355,0.0409172529,0.0399589328,0.0390346811,0.0381441224,0.0372868757,0.0364626122,0.0356711263,0.0349124553,0.0341928970,0.0335082839,0.0328557974,0.0322334110,0.0316395620,0.0310729662,0.0305325074,0.0300171748,0.0295260295,0.0290581822,0.0286127854,0.0281890260,0.0277861227,0.0274033215,0.0270398891,0.0266951027,0.0263682255,0.0260584681,0.0257649113,0.0254863723,0.0252211669,0.0249666819,0.0247186189,0.0244696936,0.0242073152,0.0239096290,0.0243221327,0.0242794297,0.0242969297,0.0243717760,0.0245382432,0.0172200600,0.0256365832,0.0248764253,0.0242825554,0.0237999477,0.0233929728,0.0230968710,0.0230809880,0.0225010752,0.0217979724,0.0000000000
"Social Cost of Carbon",15.4744072146,18.5907831122,22.1470575235,26.1534305550,30.6182998890,35.5479683597,40.9464618216,46.8154089766,53.1539574260,59.9587144151,67.2237106121,74.9403921851,83.0976525404,91.6819215057,100.6773387276,110.0660500717,119.8286857666,129.9451083900,140.3955665186,151.1667040043,162.2427212656,173.6056340227,185.2353766581,197.1097787830,209.2044399349,221.4925092533,233.9443742730,246.5272585703,259.2047187870,271.9360372789,284.6754945711,297.3715127119,309.9656509968,322.3914385349,334.5730300444,346.4236593217,357.8438806016,368.7195694227,378.9196668531,388.2936455842,396.6686667716,403.8464040386,409.5996142439,413.6685818770,415.7582003199,417.1302610741,414.3679561148,407.1509952860,395.1202677752,377.9325567820,342.2210233292,315.8742954845,282.4282968493,242.6877908099,197.8759298114,149.8390487117,101.2921047181,56.1878940663,20.3820726801,0.0000000000
